; FBX 6.1.0 project file
; Created by Blender FBX Exporter
; for support mail: ideasman42@gmail.com
; ----------------------------------------------------

FBXHeaderExtension:  {
	FBXHeaderVersion: 1003
	FBXVersion: 6100
	CreationTimeStamp:  {
		Version: 1000
		Year: 2017
		Month: 09
		Day: 16
		Hour: 12
		Minute: 51
		Second: 11
		Millisecond: 0
	}
	Creator: "FBX SDK/FBX Plugins build 20070228"
	OtherFlags:  {
		FlagPLE: 0
	}
}
CreationTime: "2017-09-16 12:51:11:000"
Creator: "Blender version 2.78 (sub 0)"

; Object definitions
;------------------------------------------------------------------

Definitions:  {
	Version: 100
	Count: 1416
	ObjectType: "Model" {
		Count: 175
	}
	ObjectType: "Geometry" {
		Count: 10
	}
	ObjectType: "Material" {
		Count: 10
	}
	ObjectType: "Texture" {
		Count: 10
	}
	ObjectType: "Video" {
		Count: 10
	}
	ObjectType: "Deformer" {
		Count: 1220
	}
	ObjectType: "Pose" {
		Count: 1
	}
	ObjectType: "GlobalSettings" {
		Count: 1
	}
}

; Object properties
;------------------------------------------------------------------

Objects:  {
	Model: "Model::Camera Switcher", "CameraSwitcher" {
		Version: 232
		Properties60:  {
			Property: "QuaternionInterpolate", "bool", "",0
			Property: "Visibility", "Visibility", "A+",1
			Property: "Lcl Translation", "Lcl Translation", "A+",0.000000000000000,0.000000000000000,0.000000000000000
			Property: "Lcl Rotation", "Lcl Rotation", "A+",0.000000000000000,0.000000000000000,0.000000000000000
			Property: "Lcl Scaling", "Lcl Scaling", "A+",1.000000000000000,1.000000000000000,1.000000000000000
			Property: "RotationOffset", "Vector3D", "",0,0,0
			Property: "RotationPivot", "Vector3D", "",0,0,0
			Property: "ScalingOffset", "Vector3D", "",0,0,0
			Property: "ScalingPivot", "Vector3D", "",0,0,0
			Property: "TranslationActive", "bool", "",0
			Property: "TranslationMin", "Vector3D", "",0,0,0
			Property: "TranslationMax", "Vector3D", "",0,0,0
			Property: "TranslationMinX", "bool", "",0
			Property: "TranslationMinY", "bool", "",0
			Property: "TranslationMinZ", "bool", "",0
			Property: "TranslationMaxX", "bool", "",0
			Property: "TranslationMaxY", "bool", "",0
			Property: "TranslationMaxZ", "bool", "",0
			Property: "RotationOrder", "enum", "",0
			Property: "RotationSpaceForLimitOnly", "bool", "",0
			Property: "AxisLen", "double", "",10
			Property: "PreRotation", "Vector3D", "",0,0,0
			Property: "PostRotation", "Vector3D", "",0,0,0
			Property: "RotationActive", "bool", "",0
			Property: "RotationMin", "Vector3D", "",0,0,0
			Property: "RotationMax", "Vector3D", "",0,0,0
			Property: "RotationMinX", "bool", "",0
			Property: "RotationMinY", "bool", "",0
			Property: "RotationMinZ", "bool", "",0
			Property: "RotationMaxX", "bool", "",0
			Property: "RotationMaxY", "bool", "",0
			Property: "RotationMaxZ", "bool", "",0
			Property: "RotationStiffnessX", "double", "",0
			Property: "RotationStiffnessY", "double", "",0
			Property: "RotationStiffnessZ", "double", "",0
			Property: "MinDampRangeX", "double", "",0
			Property: "MinDampRangeY", "double", "",0
			Property: "MinDampRangeZ", "double", "",0
			Property: "MaxDampRangeX", "double", "",0
			Property: "MaxDampRangeY", "double", "",0
			Property: "MaxDampRangeZ", "double", "",0
			Property: "MinDampStrengthX", "double", "",0
			Property: "MinDampStrengthY", "double", "",0
			Property: "MinDampStrengthZ", "double", "",0
			Property: "MaxDampStrengthX", "double", "",0
			Property: "MaxDampStrengthY", "double", "",0
			Property: "MaxDampStrengthZ", "double", "",0
			Property: "PreferedAngleX", "double", "",0
			Property: "PreferedAngleY", "double", "",0
			Property: "PreferedAngleZ", "double", "",0
			Property: "InheritType", "enum", "",0
			Property: "ScalingActive", "bool", "",0
			Property: "ScalingMin", "Vector3D", "",1,1,1
			Property: "ScalingMax", "Vector3D", "",1,1,1
			Property: "ScalingMinX", "bool", "",0
			Property: "ScalingMinY", "bool", "",0
			Property: "ScalingMinZ", "bool", "",0
			Property: "ScalingMaxX", "bool", "",0
			Property: "ScalingMaxY", "bool", "",0
			Property: "ScalingMaxZ", "bool", "",0
			Property: "GeometricTranslation", "Vector3D", "",0,0,0
			Property: "GeometricRotation", "Vector3D", "",0,0,0
			Property: "GeometricScaling", "Vector3D", "",1,1,1
			Property: "LookAtProperty", "object", ""
			Property: "UpVectorProperty", "object", ""
			Property: "Show", "bool", "",1
			Property: "NegativePercentShapeSupport", "bool", "",1
			Property: "DefaultAttributeIndex", "int", "",0
			Property: "Color", "Color", "A",0.8,0.8,0.8
			Property: "Camera Index", "Integer", "A+",100
		}
		MultiLayer: 0
		MultiTake: 1
		Hidden: "True"
		Shading: W
		Culling: "CullingOff"
		Version: 101
		Name: "Model::Camera Switcher"
		CameraId: 0
		CameraName: 100
		CameraIndexName:
	}
	Model: "Model::UMA_Female_Rig", "Limb" {
		Version: 232
		Properties60:  {
			Property: "QuaternionInterpolate", "bool", "",0
			Property: "Visibility", "Visibility", "A+",1
			Property: "Lcl Translation", "Lcl Translation", "A+",0.000000000000000,0.000000000000000,0.000000000000000
			Property: "Lcl Rotation", "Lcl Rotation", "A+",-89.999995674159678,179.999991348319355,-0.000000000000000
			Property: "Lcl Scaling", "Lcl Scaling", "A+",1.000000000000000,1.000000000000000,1.000000000000000
			Property: "RotationOffset", "Vector3D", "",0,0,0
			Property: "RotationPivot", "Vector3D", "",0,0,0
			Property: "ScalingOffset", "Vector3D", "",0,0,0
			Property: "ScalingPivot", "Vector3D", "",0,0,0
			Property: "TranslationActive", "bool", "",0
			Property: "TranslationMin", "Vector3D", "",0,0,0
			Property: "TranslationMax", "Vector3D", "",0,0,0
			Property: "TranslationMinX", "bool", "",0
			Property: "TranslationMinY", "bool", "",0
			Property: "TranslationMinZ", "bool", "",0
			Property: "TranslationMaxX", "bool", "",0
			Property: "TranslationMaxY", "bool", "",0
			Property: "TranslationMaxZ", "bool", "",0
			Property: "RotationOrder", "enum", "",0
			Property: "RotationSpaceForLimitOnly", "bool", "",0
			Property: "AxisLen", "double", "",10
			Property: "PreRotation", "Vector3D", "",0,0,0
			Property: "PostRotation", "Vector3D", "",0,0,0
			Property: "RotationActive", "bool", "",0
			Property: "RotationMin", "Vector3D", "",0,0,0
			Property: "RotationMax", "Vector3D", "",0,0,0
			Property: "RotationMinX", "bool", "",0
			Property: "RotationMinY", "bool", "",0
			Property: "RotationMinZ", "bool", "",0
			Property: "RotationMaxX", "bool", "",0
			Property: "RotationMaxY", "bool", "",0
			Property: "RotationMaxZ", "bool", "",0
			Property: "RotationStiffnessX", "double", "",0
			Property: "RotationStiffnessY", "double", "",0
			Property: "RotationStiffnessZ", "double", "",0
			Property: "MinDampRangeX", "double", "",0
			Property: "MinDampRangeY", "double", "",0
			Property: "MinDampRangeZ", "double", "",0
			Property: "MaxDampRangeX", "double", "",0
			Property: "MaxDampRangeY", "double", "",0
			Property: "MaxDampRangeZ", "double", "",0
			Property: "MinDampStrengthX", "double", "",0
			Property: "MinDampStrengthY", "double", "",0
			Property: "MinDampStrengthZ", "double", "",0
			Property: "MaxDampStrengthX", "double", "",0
			Property: "MaxDampStrengthY", "double", "",0
			Property: "MaxDampStrengthZ", "double", "",0
			Property: "PreferedAngleX", "double", "",0
			Property: "PreferedAngleY", "double", "",0
			Property: "PreferedAngleZ", "double", "",0
			Property: "InheritType", "enum", "",0
			Property: "ScalingActive", "bool", "",0
			Property: "ScalingMin", "Vector3D", "",1,1,1
			Property: "ScalingMax", "Vector3D", "",1,1,1
			Property: "ScalingMinX", "bool", "",0
			Property: "ScalingMinY", "bool", "",0
			Property: "ScalingMinZ", "bool", "",0
			Property: "ScalingMaxX", "bool", "",0
			Property: "ScalingMaxY", "bool", "",0
			Property: "ScalingMaxZ", "bool", "",0
			Property: "GeometricTranslation", "Vector3D", "",0,0,0
			Property: "GeometricRotation", "Vector3D", "",0,0,0
			Property: "GeometricScaling", "Vector3D", "",1,1,1
			Property: "LookAtProperty", "object", ""
			Property: "UpVectorProperty", "object", ""
			Property: "Show", "bool", "",1
			Property: "NegativePercentShapeSupport", "bool", "",1
			Property: "DefaultAttributeIndex", "int", "",0
			Property: "Color", "Color", "A",0.8,0.8,0.8
			Property: "Size", "double", "",100
			Property: "Look", "enum", "",1
		}
		MultiLayer: 0
		MultiTake: 1
		Shading: Y
		Culling: "CullingOff"
		TypeFlags: "Skeleton"
	}
	Model: "Model::FemaleCapeSimple10", "Mesh" {
		Version: 232
		Properties60:  {
			Property: "QuaternionInterpolate", "bool", "",0
			Property: "Visibility", "Visibility", "A+",1
			Property: "Lcl Translation", "Lcl Translation", "A+",0.000000000000000,0.000000000000000,0.000000000000000
			Property: "Lcl Rotation", "Lcl Rotation", "A+",0.000000000000000,-0.000000000000000,-179.999991348319355
			Property: "Lcl Scaling", "Lcl Scaling", "A+",1.000000000000000,1.000000000000000,1.000000000000000
			Property: "RotationOffset", "Vector3D", "",0,0,0
			Property: "RotationPivot", "Vector3D", "",0,0,0
			Property: "ScalingOffset", "Vector3D", "",0,0,0
			Property: "ScalingPivot", "Vector3D", "",0,0,0
			Property: "TranslationActive", "bool", "",0
			Property: "TranslationMin", "Vector3D", "",0,0,0
			Property: "TranslationMax", "Vector3D", "",0,0,0
			Property: "TranslationMinX", "bool", "",0
			Property: "TranslationMinY", "bool", "",0
			Property: "TranslationMinZ", "bool", "",0
			Property: "TranslationMaxX", "bool", "",0
			Property: "TranslationMaxY", "bool", "",0
			Property: "TranslationMaxZ", "bool", "",0
			Property: "RotationOrder", "enum", "",0
			Property: "RotationSpaceForLimitOnly", "bool", "",0
			Property: "AxisLen", "double", "",10
			Property: "PreRotation", "Vector3D", "",0,0,0
			Property: "PostRotation", "Vector3D", "",0,0,0
			Property: "RotationActive", "bool", "",0
			Property: "RotationMin", "Vector3D", "",0,0,0
			Property: "RotationMax", "Vector3D", "",0,0,0
			Property: "RotationMinX", "bool", "",0
			Property: "RotationMinY", "bool", "",0
			Property: "RotationMinZ", "bool", "",0
			Property: "RotationMaxX", "bool", "",0
			Property: "RotationMaxY", "bool", "",0
			Property: "RotationMaxZ", "bool", "",0
			Property: "RotationStiffnessX", "double", "",0
			Property: "RotationStiffnessY", "double", "",0
			Property: "RotationStiffnessZ", "double", "",0
			Property: "MinDampRangeX", "double", "",0
			Property: "MinDampRangeY", "double", "",0
			Property: "MinDampRangeZ", "double", "",0
			Property: "MaxDampRangeX", "double", "",0
			Property: "MaxDampRangeY", "double", "",0
			Property: "MaxDampRangeZ", "double", "",0
			Property: "MinDampStrengthX", "double", "",0
			Property: "MinDampStrengthY", "double", "",0
			Property: "MinDampStrengthZ", "double", "",0
			Property: "MaxDampStrengthX", "double", "",0
			Property: "MaxDampStrengthY", "double", "",0
			Property: "MaxDampStrengthZ", "double", "",0
			Property: "PreferedAngleX", "double", "",0
			Property: "PreferedAngleY", "double", "",0
			Property: "PreferedAngleZ", "double", "",0
			Property: "InheritType", "enum", "",0
			Property: "ScalingActive", "bool", "",0
			Property: "ScalingMin", "Vector3D", "",1,1,1
			Property: "ScalingMax", "Vector3D", "",1,1,1
			Property: "ScalingMinX", "bool", "",0
			Property: "ScalingMinY", "bool", "",0
			Property: "ScalingMinZ", "bool", "",0
			Property: "ScalingMaxX", "bool", "",0
			Property: "ScalingMaxY", "bool", "",0
			Property: "ScalingMaxZ", "bool", "",0
			Property: "GeometricTranslation", "Vector3D", "",0,0,0
			Property: "GeometricRotation", "Vector3D", "",0,0,0
			Property: "GeometricScaling", "Vector3D", "",1,1,1
			Property: "LookAtProperty", "object", ""
			Property: "UpVectorProperty", "object", ""
			Property: "Show", "bool", "",1
			Property: "NegativePercentShapeSupport", "bool", "",1
			Property: "DefaultAttributeIndex", "int", "",0
			Property: "Color", "Color", "A",0.8,0.8,0.8
			Property: "Size", "double", "",100
			Property: "Look", "enum", "",1
		}
		MultiLayer: 0
		MultiTake: 1
		Shading: Y
		Culling: "CullingOff"
		Vertices: 0.007983,-0.250874,0.798389,0.000654,-0.193819,1.688310,-0.153541,-0.252284,1.625807,0.148650,-0.252284,1.625807,
		          0.001600,-0.150386,1.713163,-0.076712,-0.252284,1.625807,-0.001159,-0.252284,1.625807,0.074430,-0.252284,1.625807,
		          -0.130548,-0.150386,1.713163,0.131642,-0.150386,1.713163,-0.073715,-0.150386,1.713163,0.076809,-0.150386,1.713163,
		          -0.126418,-0.097997,1.723986,0.136377,-0.097997,1.723986,-0.090860,-0.097997,1.723986,0.089649,-0.097997,1.723986,
		          -0.131982,-0.038622,1.680324,0.129250,-0.038622,1.680324,-0.095432,-0.038622,1.680324,0.096417,-0.038622,1.680324,
		          -0.129480,0.031066,1.541973,0.129250,0.031066,1.541972,-0.091844,0.031066,1.541972,0.096417,0.031066,1.541972,
		          0.131278,-0.193819,1.688310,0.073055,-0.193819,1.688310,-0.071738,-0.193819,1.688310,-0.135090,-0.193819,1.688310,
		          -0.193056,-0.250882,0.894349,0.205747,-0.250882,0.894348,-0.098509,-0.250874,0.807300,0.114174,-0.250874,0.807300,
		          0.006664,-0.251060,0.916667,0.005225,-0.251264,1.069932,0.003785,-0.251468,1.218346,0.002319,-0.251672,1.333072,
		          0.000913,-0.251876,1.431706,-0.000231,-0.252658,1.528755,0.209044,-0.251060,0.993735,0.207836,-0.251264,1.123021,
		          0.206125,-0.251468,1.256551,0.196252,-0.251672,1.371791,0.178314,-0.251876,1.459546,0.160351,-0.252698,1.542759,
		          -0.099902,-0.251060,0.920069,-0.101463,-0.251264,1.052646,-0.103025,-0.251468,1.195089,-0.102435,-0.251672,1.328929,
		          -0.095327,-0.251876,1.433167,-0.086062,-0.252658,1.529710,0.113004,-0.251060,0.920153,0.111686,-0.251264,1.053805,
		          0.110368,-0.251468,1.196796,0.106883,-0.251672,1.329878,0.096941,-0.251876,1.433236,0.085420,-0.252658,1.529710,
		          -0.163372,-0.252705,1.542759,-0.179337,-0.251876,1.459546,-0.194824,-0.251672,1.371708,-0.201880,-0.251468,1.256396,
		          -0.200700,-0.251264,1.122920,-0.199025,-0.251060,0.993741,-0.000703,-0.255653,1.577275,-0.000194,-0.227204,1.660940,
		          0.152969,-0.254730,1.584277,-0.115056,-0.252284,1.625807,0.001133,-0.172568,1.701550,-0.038993,-0.252284,1.625807,
		          -0.082167,-0.255597,1.577752,0.037300,-0.193819,1.688310,0.111451,-0.252284,1.625807,0.080590,-0.255595,1.577752,
		          -0.101903,-0.150386,1.713163,-0.036799,-0.150386,1.713163,0.104032,-0.150386,1.713163,0.131600,-0.173127,1.702530,
		          0.073504,-0.227208,1.660932,-0.073846,-0.227204,1.660942,-0.143263,-0.227284,1.660980,-0.108653,-0.097997,1.723986,
		          0.112834,0.031066,1.541972,0.112979,-0.097997,1.723986,0.133859,-0.124850,1.722498,0.083308,-0.124861,1.722189,
		          -0.082400,-0.124843,1.722197,-0.128506,-0.125032,1.722647,-0.113707,-0.038622,1.680324,-0.110662,0.031066,1.541972,
		          0.112834,-0.038622,1.680324,0.131809,-0.064974,1.706698,0.092745,-0.064387,1.707749,-0.092773,-0.064258,1.707828,
		          -0.128452,-0.064892,1.706895,0.129250,0.000397,1.613251,0.096417,0.000627,1.613367,-0.092273,0.000455,1.613289,
		          -0.128833,0.000029,1.613073,0.138992,-0.227378,1.661073,0.075032,-0.172817,1.701974,-0.072804,-0.172795,1.701941,
		          -0.132906,-0.173083,1.702449,-0.103230,-0.193819,1.688310,-0.035989,-0.193819,1.688310,0.102006,-0.193819,1.688310,
		          -0.198188,-0.250958,0.938642,0.061154,-0.250874,0.798389,0.039917,-0.150386,1.713163,0.036682,-0.252284,1.625807,
		          -0.045188,-0.250874,0.798389,-0.152431,-0.250874,0.850893,0.166594,-0.250874,0.850893,0.007383,-0.250958,0.851226,
		          0.005944,-0.251162,0.992528,0.004505,-0.251366,1.145709,0.003064,-0.251570,1.277411,0.001591,-0.251774,1.382767,
		          0.000304,-0.251978,1.480231,0.209648,-0.250958,0.938639,0.208440,-0.251162,1.057082,0.207232,-0.251366,1.190506,
		          0.202347,-0.251570,1.316294,0.187558,-0.251774,1.417012,0.169037,-0.251978,1.501237,-0.099122,-0.250958,0.857187,
		          -0.100683,-0.251162,0.985832,-0.102244,-0.251366,1.123580,-0.103512,-0.251570,1.263241,-0.099637,-0.251774,1.382365,
		          -0.090654,-0.251978,1.481663,0.113663,-0.250958,0.857186,0.112345,-0.251162,0.986431,0.111027,-0.251366,1.125086,
		          0.109400,-0.251570,1.264624,0.102559,-0.251774,1.382843,0.091072,-0.251978,1.481663,-0.156860,-0.254753,1.584278,
		          -0.171113,-0.251978,1.501237,-0.187416,-0.251774,1.416970,-0.199549,-0.251570,1.316175,-0.201537,-0.251366,1.190379,
		          -0.199862,-0.251162,1.057035,-0.046563,-0.251060,0.915750,-0.048063,-0.251264,1.059505,-0.049563,-0.251468,1.205435,
		          -0.050160,-0.251672,1.329597,-0.047245,-0.251876,1.431482,-0.043150,-0.252658,1.528755,0.059890,-0.251060,0.915792,
		          0.058512,-0.251264,1.060171,0.057133,-0.251468,1.206419,0.054790,-0.251672,1.330140,0.049069,-0.251876,1.431516,
		          0.042687,-0.252658,1.528755,-0.153918,-0.251060,0.957490,-0.155541,-0.251264,1.087716,-0.157164,-0.251468,1.225588,
		          -0.153867,-0.251672,1.350940,-0.141911,-0.251876,1.446696,-0.128563,-0.252602,1.536394,0.165441,-0.251060,0.957529,
		          0.164182,-0.251264,1.088374,0.162924,-0.251468,1.226562,0.156680,-0.251672,1.351479,0.142147,-0.251876,1.446730,
		          0.126675,-0.252600,1.536394,0.134209,-0.251978,1.491689,0.149942,-0.251774,1.400252,0.160677,-0.251570,1.290461,
		          0.163554,-0.251366,1.157631,0.164812,-0.251162,1.022192,0.166070,-0.250958,0.898906,-0.135094,-0.251978,1.491689,
		          -0.148484,-0.251774,1.399980,-0.156417,-0.251570,1.289676,-0.156352,-0.251366,1.156778,-0.154729,-0.251162,1.021854,
		          -0.153107,-0.250958,0.898908,0.045813,-0.251978,1.480231,0.052183,-0.251774,1.381660,0.056391,-0.251570,1.269774,
		          0.057822,-0.251366,1.133973,0.059201,-0.251162,0.987321,0.060579,-0.250958,0.851226,-0.045205,-0.251978,1.480231,
		          -0.049012,-0.251774,1.381387,-0.050258,-0.251570,1.268983,-0.048813,-0.251366,1.133111,-0.047313,-0.251162,0.986979,
		          -0.045813,-0.250958,0.851227,-0.036424,-0.172681,1.701746,-0.041413,-0.255653,1.577275,-0.037260,-0.227203,1.660942,
		          0.106131,-0.227286,1.661018,0.036895,-0.227205,1.660937,-0.108442,-0.227240,1.660969,-0.110613,-0.064583,1.707360,
		          0.112834,0.000512,1.613309,0.112211,-0.064612,1.707208,-0.105222,-0.124890,1.722425,-0.110554,0.000242,1.613181,
		          0.108491,-0.124824,1.722344,-0.102638,-0.172938,1.702196,0.038660,-0.172692,1.701762,0.103120,-0.172971,1.702252,
		          0.040007,-0.255653,1.577275,-0.123075,-0.255320,1.581094,0.120285,-0.255304,1.581094
		PolygonVertexIndex: 206,64,3,-71,205,68,5,-66,204,71,7,-108,203,75,9,-75,202,98,11,-107,201,99,10,-73,200,82,13,-82,199,95,22,-88,
		                    198,84,14,-80,197,89,17,-89,196,93,21,-81,195,91,18,-87,194,77,26,-102,193,76,25,-70,192,97,24,-104,191,63,1,-103,
		                    190,62,6,-68,189,66,4,-74,188,111,32,-142,187,112,33,-143,186,113,34,-144,185,114,35,-145,184,115,36,-146,183,116,37,-147,
		                    182,129,50,-148,181,130,51,-149,180,131,52,-150,179,132,53,-151,178,133,54,-152,177,134,55,-153,176,123,44,-154,175,124,45,-155,
		                    174,125,46,-156,173,126,47,-157,172,127,48,-158,171,128,49,-159,170,117,38,-160,169,118,39,-161,168,119,40,-162,167,120,41,-163,
		                    166,121,42,-164,165,122,43,-165,134,165,164,-56,54,163,165,-135,163,42,122,-166,133,166,163,-55,53,162,166,-134,162,41,121,-167,
		                    132,167,162,-54,52,161,167,-133,161,40,120,-168,131,168,161,-53,51,160,168,-132,160,39,119,-169,130,169,160,-52,50,159,169,-131,
		                    159,38,118,-170,129,170,159,-51,31,110,170,-130,110,29,117,-171,136,171,158,-57,57,157,171,-137,157,48,128,-172,137,172,157,-58,
		                    58,156,172,-138,156,47,127,-173,138,173,156,-59,59,155,173,-139,155,46,126,-174,139,174,155,-60,60,154,174,-140,154,45,125,-175,
		                    140,175,154,-61,61,153,175,-141,153,44,124,-176,104,176,153,-62,28,109,176,-105,109,30,123,-177,116,177,152,-38,36,151,177,-117,
		                    151,54,134,-178,115,178,151,-37,35,150,178,-116,150,53,133,-179,114,179,150,-36,34,149,179,-115,149,52,132,-180,113,180,149,-35,
		                    33,148,180,-114,148,51,131,-181,112,181,148,-34,32,147,181,-113,147,50,130,-182,111,182,147,-33,0,105,182,-112,105,31,129,-183,
		                    128,183,146,-50,48,145,183,-129,145,36,116,-184,127,184,145,-49,47,144,184,-128,144,35,115,-185,126,185,144,-48,46,143,185,-127,
		                    143,34,114,-186,125,186,143,-47,45,142,186,-126,142,33,113,-187,124,187,142,-46,44,141,187,-125,141,32,112,-188,123,188,141,-45,
		                    30,108,188,-124,108,0,111,-189,99,189,73,-11,26,102,189,-100,102,1,66,-190,68,190,67,-6,49,146,190,-69,146,37,62,-191,
		                    77,191,102,-27,5,67,191,-78,67,6,63,-192,76,192,103,-26,7,70,192,-77,70,3,97,-193,63,193,69,-2,6,107,193,-64,
		                    107,7,76,-194,78,194,101,-28,2,65,194,-79,65,5,77,-195,92,195,86,-17,12,79,195,-93,79,14,91,-196,94,196,80,-24,
		                    19,88,196,-95,88,17,93,-197,90,197,88,-20,15,81,197,-91,81,13,89,-198,85,198,79,-13,8,72,198,-86,72,10,84,-199,
		                    96,199,87,-21,16,86,199,-97,86,18,95,-200,83,200,81,-16,11,74,200,-84,74,9,82,-201,100,201,72,-9,27,101,201,-101,
		                    101,26,99,-202,66,202,106,-5,1,69,202,-67,69,25,98,-203,98,203,74,-12,25,103,203,-99,103,24,75,-204,62,204,107,-7,
		                    37,152,204,-63,152,55,71,-205,135,205,65,-3,56,158,205,-136,158,49,68,-206,71,206,70,-8,55,164,206,-72,164,43,64,-207
		GeometryVersion: 124
		LayerElementNormal: 0 {
			Version: 101
			Name: ""
			MappingInformationType: "ByPolygonVertex"
			ReferenceInformationType: "Direct"
			Normals: 0.008179,-0.999939,0.004730,0.010132,-0.999939,0.004242,0.002319,-0.952391,0.304788,0.000610,-0.942137,0.335154,
			         -0.007813,-0.999939,0.004608,-0.003449,-0.999969,0.002655,-0.000031,-0.941313,0.337443,-0.001007,-0.941832,0.336009,
			         0.000488,-0.999969,0.003632,0.003632,-0.999969,0.002686,-0.000122,-0.941404,0.337230,0.000061,-0.941191,0.337809,
			         -0.005615,-0.496567,0.867946,-0.005585,-0.496200,0.868160,-0.004242,-0.384045,0.923276,-0.004212,-0.386608,0.922208,
			         -0.003327,-0.496628,0.867916,-0.004517,-0.496628,0.867916,-0.003967,-0.413038,0.910672,-0.003296,-0.454817,0.890561,
			         0.004852,-0.496658,0.867916,0.003998,-0.496689,0.867885,0.004181,-0.415967,0.909330,0.004852,-0.389691,0.920896,
			         -0.002960,-0.201361,0.979492,-0.003082,-0.193213,0.981140,0.005707,0.204443,0.978851,0.005615,0.201605,0.979430,
			         -0.006470,0.893124,0.449721,-0.006500,0.893521,0.448927,-0.006439,0.918302,0.395795,-0.006439,0.917661,0.397229,
			         0.005249,-0.201453,0.979461,0.005005,-0.227790,0.973693,-0.004059,0.167791,0.985809,-0.005188,0.200385,0.979675,
			         0.015229,0.592486,0.805414,0.015870,0.585192,0.810694,0.010712,0.793207,0.608844,0.010041,0.796686,0.604266,
			         0.003906,0.893094,0.449843,0.003906,0.893094,0.449843,0.003906,0.918882,0.394452,0.003906,0.919218,0.393689,
			         -0.015687,0.591449,0.806177,-0.015870,0.585376,0.810572,-0.011078,0.799951,0.599933,-0.010956,0.798700,0.601581,
			         0.000580,-0.730338,0.683065,0.000305,-0.730308,0.683096,0.002106,-0.589984,0.807367,0.002655,-0.594317,0.804224,
			         0.000000,-0.730308,0.683096,-0.000855,-0.730338,0.683035,-0.002655,-0.590381,0.807092,-0.001648,-0.586474,0.809961,
			         -0.001679,-0.730338,0.683035,-0.001556,-0.742058,0.670309,-0.003449,-0.598407,0.801141,-0.003632,-0.594562,0.804010,
			         0.000000,-0.730308,0.683096,0.000000,-0.730308,0.683096,-0.000031,-0.584490,0.811365,0.001526,-0.586230,0.810114,
			         -0.000488,-0.999969,0.003601,0.000000,-0.999969,0.003815,0.000000,-0.941191,0.337840,-0.000061,-0.941191,0.337779,
			         0.003052,-0.496628,0.867916,-0.000122,-0.496597,0.867946,-0.000153,-0.459578,0.888119,0.003021,-0.455733,0.890103,
			         -0.000092,-0.999969,-0.001587,0.000000,-0.999969,-0.001587,0.000000,-0.999969,-0.001465,0.000000,-0.999969,-0.001495,
			         0.000061,-0.999969,-0.001404,0.000000,-0.999969,-0.001343,0.000000,-0.999969,-0.001343,0.000183,-0.999969,-0.001373,
			         0.000275,-0.999969,-0.001373,0.000000,-0.999969,-0.001373,0.000000,-0.999969,-0.001526,0.000275,-0.999969,-0.001495,
			         0.000214,-0.999969,-0.001617,0.000000,-0.999969,-0.001709,0.000000,-0.999969,-0.001862,0.000092,-0.999969,-0.001801,
			         0.000000,-0.999969,-0.001984,0.000000,-0.999969,-0.002014,0.000000,-0.999969,-0.002075,0.000000,-0.999969,-0.002045,
			         -0.000092,-0.999939,-0.007996,0.000000,-0.999939,-0.008057,0.000000,-0.999268,-0.037812,-0.000519,-0.999268,-0.037568,
			         0.000092,-0.999969,-0.001587,0.000763,-0.999969,-0.001648,0.000641,-0.999969,-0.001556,0.000000,-0.999969,-0.001495,
			         -0.000061,-0.999969,-0.001404,0.000488,-0.999969,-0.001495,0.000397,-0.999969,-0.001434,-0.000183,-0.999969,-0.001373,
			         -0.000244,-0.999969,-0.001373,0.000336,-0.999969,-0.001404,0.000305,-0.999969,-0.001465,-0.000244,-0.999969,-0.001495,
			         -0.000183,-0.999969,-0.001648,0.000305,-0.999969,-0.001556,0.000336,-0.999969,-0.001740,-0.000061,-0.999969,-0.001831,
			         0.000000,-0.999969,-0.002014,0.000366,-0.999969,-0.001953,0.000336,-0.999969,-0.002045,0.000000,-0.999969,-0.002045,
			         0.000092,-0.999939,-0.007996,0.001038,-0.999969,-0.007569,0.004181,-0.999329,-0.036012,0.000519,-0.999268,-0.037538,
			         -0.001465,-0.999969,-0.001770,-0.000763,-0.999969,-0.001679,-0.000641,-0.999969,-0.001587,-0.001282,-0.999969,-0.001679,
			         -0.001129,-0.999969,-0.001556,-0.000488,-0.999969,-0.001495,-0.000397,-0.999969,-0.001465,-0.001068,-0.999969,-0.001495,
			         -0.000977,-0.999969,-0.001465,-0.000305,-0.999969,-0.001434,-0.000275,-0.999969,-0.001465,-0.000946,-0.999969,-0.001526,
			         -0.000885,-0.999969,-0.001587,-0.000305,-0.999969,-0.001556,-0.000336,-0.999969,-0.001740,-0.000824,-0.999969,-0.001801,
			         -0.000793,-0.999969,-0.002014,-0.000366,-0.999969,-0.001953,-0.000336,-0.999969,-0.002045,-0.000671,-0.999969,-0.002106,
			         -0.001617,-0.999939,-0.008240,-0.001007,-0.999969,-0.007630,-0.003998,-0.999329,-0.036195,-0.007569,-0.999329,-0.035371,
			         0.001465,-0.999969,-0.001740,0.001587,-0.999969,-0.001770,0.001343,-0.999969,-0.001617,0.001282,-0.999969,-0.001648,
			         0.001129,-0.999969,-0.001526,0.001221,-0.999969,-0.001526,0.001160,-0.999969,-0.001465,0.001068,-0.999969,-0.001465,
			         0.000977,-0.999969,-0.001434,0.001099,-0.999969,-0.001465,0.001038,-0.999969,-0.001556,0.000946,-0.999969,-0.001495,
			         0.000885,-0.999969,-0.001587,0.000977,-0.999969,-0.001617,0.000946,-0.999969,-0.001862,0.000855,-0.999969,-0.001770,
			         0.000793,-0.999969,-0.002014,0.000885,-0.999969,-0.002075,0.000763,-0.999969,-0.002167,0.000671,-0.999969,-0.002106,
			         0.001679,-0.999939,-0.008148,0.001404,-0.999939,-0.008911,0.008362,-0.999390,-0.033784,0.007874,-0.999329,-0.034974,
			         0.001038,-0.999969,-0.007569,0.001679,-0.999939,-0.008148,0.007874,-0.999329,-0.034974,0.004181,-0.999329,-0.036012,
			         0.000336,-0.999969,-0.002045,0.000671,-0.999969,-0.002106,0.001679,-0.999939,-0.008148,0.001038,-0.999969,-0.007569,
			         0.000671,-0.999969,-0.002106,0.000763,-0.999969,-0.002167,0.001404,-0.999939,-0.008911,0.001679,-0.999939,-0.008148,
			         0.000366,-0.999969,-0.001953,0.000793,-0.999969,-0.002014,0.000671,-0.999969,-0.002106,0.000336,-0.999969,-0.002045,
			         0.000336,-0.999969,-0.001740,0.000855,-0.999969,-0.001770,0.000793,-0.999969,-0.002014,0.000366,-0.999969,-0.001953,
			         0.000855,-0.999969,-0.001770,0.000946,-0.999969,-0.001862,0.000885,-0.999969,-0.002075,0.000793,-0.999969,-0.002014,
			         0.000305,-0.999969,-0.001556,0.000885,-0.999969,-0.001587,0.000855,-0.999969,-0.001770,0.000336,-0.999969,-0.001740,
			         0.000305,-0.999969,-0.001465,0.000946,-0.999969,-0.001495,0.000885,-0.999969,-0.001587,0.000305,-0.999969,-0.001556,
			         0.000946,-0.999969,-0.001495,0.001038,-0.999969,-0.001556,0.000977,-0.999969,-0.001617,0.000885,-0.999969,-0.001587,
			         0.000336,-0.999969,-0.001404,0.000977,-0.999969,-0.001434,0.000946,-0.999969,-0.001495,0.000305,-0.999969,-0.001465,
			         0.000397,-0.999969,-0.001434,0.001068,-0.999969,-0.001465,0.000977,-0.999969,-0.001434,0.000336,-0.999969,-0.001404,
			         0.001068,-0.999969,-0.001465,0.001160,-0.999969,-0.001465,0.001099,-0.999969,-0.001465,0.000977,-0.999969,-0.001434,
			         0.000488,-0.999969,-0.001495,0.001129,-0.999969,-0.001526,0.001068,-0.999969,-0.001465,0.000397,-0.999969,-0.001434,
			         0.000641,-0.999969,-0.001556,0.001282,-0.999969,-0.001648,0.001129,-0.999969,-0.001526,0.000488,-0.999969,-0.001495,
			         0.001282,-0.999969,-0.001648,0.001343,-0.999969,-0.001617,0.001221,-0.999969,-0.001526,0.001129,-0.999969,-0.001526,
			         0.000763,-0.999969,-0.001648,0.001465,-0.999969,-0.001740,0.001282,-0.999969,-0.001648,0.000641,-0.999969,-0.001556,
			         0.000610,-0.999969,-0.001648,0.001465,-0.999969,-0.001740,0.001465,-0.999969,-0.001740,0.000763,-0.999969,-0.001648,
			         0.001465,-0.999969,-0.001740,0.001709,-0.999969,-0.001801,0.001587,-0.999969,-0.001770,0.001465,-0.999969,-0.001740,
			         -0.001343,-0.999939,-0.009064,-0.001617,-0.999939,-0.008240,-0.007569,-0.999329,-0.035371,-0.008118,-0.999359,-0.034394,
			         -0.000732,-0.999969,-0.002167,-0.000671,-0.999969,-0.002106,-0.001617,-0.999939,-0.008240,-0.001343,-0.999939,-0.009064,
			         -0.000671,-0.999969,-0.002106,-0.000336,-0.999969,-0.002045,-0.001007,-0.999969,-0.007630,-0.001617,-0.999939,-0.008240,
			         -0.000885,-0.999969,-0.002075,-0.000793,-0.999969,-0.002014,-0.000671,-0.999969,-0.002106,-0.000732,-0.999969,-0.002167,
			         -0.000946,-0.999969,-0.001892,-0.000824,-0.999969,-0.001801,-0.000793,-0.999969,-0.002014,-0.000885,-0.999969,-0.002075,
			         -0.000824,-0.999969,-0.001801,-0.000336,-0.999969,-0.001740,-0.000366,-0.999969,-0.001953,-0.000793,-0.999969,-0.002014,
			         -0.000977,-0.999969,-0.001648,-0.000885,-0.999969,-0.001587,-0.000824,-0.999969,-0.001801,-0.000946,-0.999969,-0.001892,
			         -0.001038,-0.999969,-0.001587,-0.000946,-0.999969,-0.001526,-0.000885,-0.999969,-0.001587,-0.000977,-0.999969,-0.001648,
			         -0.000946,-0.999969,-0.001526,-0.000275,-0.999969,-0.001465,-0.000305,-0.999969,-0.001556,-0.000885,-0.999969,-0.001587,
			         -0.001099,-0.999969,-0.001495,-0.000977,-0.999969,-0.001465,-0.000946,-0.999969,-0.001526,-0.001038,-0.999969,-0.001587,
			         -0.001160,-0.999969,-0.001495,-0.001068,-0.999969,-0.001495,-0.000977,-0.999969,-0.001465,-0.001099,-0.999969,-0.001495,
			         -0.001068,-0.999969,-0.001495,-0.000397,-0.999969,-0.001465,-0.000305,-0.999969,-0.001434,-0.000977,-0.999969,-0.001465,
			         -0.001221,-0.999969,-0.001556,-0.001129,-0.999969,-0.001556,-0.001068,-0.999969,-0.001495,-0.001160,-0.999969,-0.001495,
			         -0.001343,-0.999969,-0.001648,-0.001282,-0.999969,-0.001679,-0.001129,-0.999969,-0.001556,-0.001221,-0.999969,-0.001556,
			         -0.001282,-0.999969,-0.001679,-0.000641,-0.999969,-0.001587,-0.000488,-0.999969,-0.001495,-0.001129,-0.999969,-0.001556,
			         -0.001556,-0.999969,-0.001801,-0.001465,-0.999969,-0.001770,-0.001282,-0.999969,-0.001679,-0.001343,-0.999969,-0.001648,
			         -0.001679,-0.999969,-0.001831,-0.001434,-0.999969,-0.001770,-0.001465,-0.999969,-0.001770,-0.001556,-0.999969,-0.001801,
			         -0.001434,-0.999969,-0.001770,-0.000610,-0.999969,-0.001679,-0.000763,-0.999969,-0.001679,-0.001465,-0.999969,-0.001770,
			         0.000000,-0.999939,-0.008057,0.000092,-0.999939,-0.007996,0.000519,-0.999268,-0.037538,0.000000,-0.999268,-0.037812,
			         0.000000,-0.999969,-0.002075,0.000000,-0.999969,-0.002045,0.000092,-0.999939,-0.007996,0.000000,-0.999939,-0.008057,
			         0.000000,-0.999969,-0.002045,0.000336,-0.999969,-0.002045,0.001038,-0.999969,-0.007569,0.000092,-0.999939,-0.007996,
			         0.000000,-0.999969,-0.002014,0.000000,-0.999969,-0.002014,0.000000,-0.999969,-0.002045,0.000000,-0.999969,-0.002075,
			         0.000000,-0.999969,-0.001862,-0.000061,-0.999969,-0.001831,0.000000,-0.999969,-0.002014,0.000000,-0.999969,-0.002014,
			         -0.000061,-0.999969,-0.001831,0.000336,-0.999969,-0.001740,0.000366,-0.999969,-0.001953,0.000000,-0.999969,-0.002014,
			         0.000000,-0.999969,-0.001709,-0.000183,-0.999969,-0.001648,-0.000061,-0.999969,-0.001831,0.000000,-0.999969,-0.001862,
			         0.000000,-0.999969,-0.001526,-0.000244,-0.999969,-0.001495,-0.000183,-0.999969,-0.001648,0.000000,-0.999969,-0.001709,
			         -0.000244,-0.999969,-0.001495,0.000305,-0.999969,-0.001465,0.000305,-0.999969,-0.001556,-0.000183,-0.999969,-0.001648,
			         0.000000,-0.999969,-0.001373,-0.000244,-0.999969,-0.001373,-0.000244,-0.999969,-0.001495,0.000000,-0.999969,-0.001526,
			         0.000000,-0.999969,-0.001343,-0.000183,-0.999969,-0.001373,-0.000244,-0.999969,-0.001373,0.000000,-0.999969,-0.001373,
			         -0.000183,-0.999969,-0.001373,0.000397,-0.999969,-0.001434,0.000336,-0.999969,-0.001404,-0.000244,-0.999969,-0.001373,
			         0.000000,-0.999969,-0.001343,-0.000061,-0.999969,-0.001404,-0.000183,-0.999969,-0.001373,0.000000,-0.999969,-0.001343,
			         0.000000,-0.999969,-0.001465,0.000000,-0.999969,-0.001495,-0.000061,-0.999969,-0.001404,0.000000,-0.999969,-0.001343,
			         0.000000,-0.999969,-0.001495,0.000641,-0.999969,-0.001556,0.000488,-0.999969,-0.001495,-0.000061,-0.999969,-0.001404,
			         0.000000,-0.999969,-0.001587,0.000092,-0.999969,-0.001587,0.000000,-0.999969,-0.001495,0.000000,-0.999969,-0.001465,
			         0.000000,-0.999969,-0.001587,0.000092,-0.999969,-0.001617,0.000092,-0.999969,-0.001587,0.000000,-0.999969,-0.001587,
			         0.000092,-0.999969,-0.001617,0.000610,-0.999969,-0.001648,0.000763,-0.999969,-0.001648,0.000092,-0.999969,-0.001587,
			         -0.001007,-0.999969,-0.007630,-0.000092,-0.999939,-0.007996,-0.000519,-0.999268,-0.037568,-0.003998,-0.999329,-0.036195,
			         -0.000336,-0.999969,-0.002045,0.000000,-0.999969,-0.002045,-0.000092,-0.999939,-0.007996,-0.001007,-0.999969,-0.007630,
			         0.000000,-0.999969,-0.002045,0.000000,-0.999969,-0.002075,0.000000,-0.999939,-0.008057,-0.000092,-0.999939,-0.007996,
			         -0.000366,-0.999969,-0.001953,0.000000,-0.999969,-0.001984,0.000000,-0.999969,-0.002045,-0.000336,-0.999969,-0.002045,
			         -0.000336,-0.999969,-0.001740,0.000092,-0.999969,-0.001801,0.000000,-0.999969,-0.001984,-0.000366,-0.999969,-0.001953,
			         0.000092,-0.999969,-0.001801,0.000000,-0.999969,-0.001862,0.000000,-0.999969,-0.002014,0.000000,-0.999969,-0.001984,
			         -0.000305,-0.999969,-0.001556,0.000214,-0.999969,-0.001617,0.000092,-0.999969,-0.001801,-0.000336,-0.999969,-0.001740,
			         -0.000275,-0.999969,-0.001465,0.000275,-0.999969,-0.001495,0.000214,-0.999969,-0.001617,-0.000305,-0.999969,-0.001556,
			         0.000275,-0.999969,-0.001495,0.000000,-0.999969,-0.001526,0.000000,-0.999969,-0.001709,0.000214,-0.999969,-0.001617,
			         -0.000305,-0.999969,-0.001434,0.000275,-0.999969,-0.001373,0.000275,-0.999969,-0.001495,-0.000275,-0.999969,-0.001465,
			         -0.000397,-0.999969,-0.001465,0.000183,-0.999969,-0.001373,0.000275,-0.999969,-0.001373,-0.000305,-0.999969,-0.001434,
			         0.000183,-0.999969,-0.001373,0.000000,-0.999969,-0.001343,0.000000,-0.999969,-0.001373,0.000275,-0.999969,-0.001373,
			         -0.000488,-0.999969,-0.001495,0.000061,-0.999969,-0.001404,0.000183,-0.999969,-0.001373,-0.000397,-0.999969,-0.001465,
			         -0.000641,-0.999969,-0.001587,0.000000,-0.999969,-0.001495,0.000061,-0.999969,-0.001404,-0.000488,-0.999969,-0.001495,
			         0.000000,-0.999969,-0.001495,0.000000,-0.999969,-0.001465,0.000000,-0.999969,-0.001343,0.000061,-0.999969,-0.001404,
			         -0.000763,-0.999969,-0.001679,-0.000092,-0.999969,-0.001587,0.000000,-0.999969,-0.001495,-0.000641,-0.999969,-0.001587,
			         -0.000610,-0.999969,-0.001679,-0.000092,-0.999969,-0.001617,-0.000092,-0.999969,-0.001587,-0.000763,-0.999969,-0.001679,
			         -0.000092,-0.999969,-0.001617,0.000000,-0.999969,-0.001587,0.000000,-0.999969,-0.001587,-0.000092,-0.999969,-0.001587,
			         0.003998,-0.496689,0.867885,0.003052,-0.496628,0.867916,0.003021,-0.455733,0.890103,0.004181,-0.415967,0.909330,
			         0.002106,-0.589984,0.807367,0.001526,-0.586230,0.810114,0.003052,-0.496628,0.867916,0.003998,-0.496689,0.867885,
			         0.001526,-0.586230,0.810114,-0.000031,-0.584490,0.811365,-0.000122,-0.496597,0.867946,0.003052,-0.496628,0.867916,
			         -0.003449,-0.999969,0.002655,-0.000488,-0.999969,0.003601,-0.000061,-0.941191,0.337779,-0.000031,-0.941313,0.337443,
			         -0.003998,-0.999329,-0.036195,-0.000519,-0.999268,-0.037568,-0.000488,-0.999969,0.003601,-0.003449,-0.999969,0.002655,
			         -0.000519,-0.999268,-0.037568,0.000000,-0.999268,-0.037812,0.000000,-0.999969,0.003815,-0.000488,-0.999969,0.003601,
			         0.000305,-0.730308,0.683096,0.000000,-0.730308,0.683096,0.001526,-0.586230,0.810114,0.002106,-0.589984,0.807367,
			         -0.000031,-0.941313,0.337443,-0.000061,-0.941191,0.337779,0.000000,-0.730308,0.683096,0.000305,-0.730308,0.683096,
			         -0.000061,-0.941191,0.337779,0.000000,-0.941191,0.337840,0.000000,-0.730308,0.683096,0.000000,-0.730308,0.683096,
			         -0.000855,-0.730338,0.683035,-0.001679,-0.730338,0.683035,-0.003632,-0.594562,0.804010,-0.002655,-0.590381,0.807092,
			         -0.000122,-0.941404,0.337230,0.000610,-0.942137,0.335154,-0.001679,-0.730338,0.683035,-0.000855,-0.730338,0.683035,
			         0.000610,-0.942137,0.335154,0.002319,-0.952391,0.304788,-0.001556,-0.742058,0.670309,-0.001679,-0.730338,0.683035,
			         0.000000,-0.730308,0.683096,0.000000,-0.730308,0.683096,-0.001648,-0.586474,0.809961,-0.000031,-0.584490,0.811365,
			         0.000000,-0.941191,0.337840,0.000061,-0.941191,0.337809,0.000000,-0.730308,0.683096,0.000000,-0.730308,0.683096,
			         0.000061,-0.941191,0.337809,-0.000122,-0.941404,0.337230,-0.000855,-0.730338,0.683035,0.000000,-0.730308,0.683096,
			         0.000549,-0.742424,0.669881,0.000580,-0.730338,0.683065,0.002655,-0.594317,0.804224,0.002411,-0.599597,0.800256,
			         -0.002594,-0.951842,0.306497,-0.001007,-0.941832,0.336009,0.000580,-0.730338,0.683065,0.000549,-0.742424,0.669881,
			         -0.001007,-0.941832,0.336009,-0.000031,-0.941313,0.337443,0.000305,-0.730308,0.683096,0.000580,-0.730338,0.683065,
			         -0.015534,0.597552,0.801660,-0.015687,0.591449,0.806177,-0.010956,0.798700,0.601581,-0.010834,0.798395,0.602008,
			         -0.005066,0.204047,0.978942,-0.005188,0.200385,0.979675,-0.015687,0.591449,0.806177,-0.015534,0.597552,0.801660,
			         -0.005188,0.200385,0.979675,-0.004059,0.167791,0.985809,-0.015870,0.585376,0.810572,-0.015687,0.591449,0.806177,
			         0.003906,0.893094,0.449843,0.003906,0.893094,0.449843,0.003906,0.919218,0.393689,0.003906,0.919553,0.392926,
			         0.009644,0.796472,0.604572,0.010041,0.796686,0.604266,0.003906,0.893094,0.449843,0.003906,0.893094,0.449843,
			         0.010041,0.796686,0.604266,0.010712,0.793207,0.608844,0.003906,0.893094,0.449843,0.003906,0.893094,0.449843,
			         0.014466,0.582568,0.812616,0.015229,0.592486,0.805414,0.010041,0.796686,0.604266,0.009644,0.796472,0.604572,
			         0.004608,0.170751,0.985290,0.005615,0.201605,0.979430,0.015229,0.592486,0.805414,0.014466,0.582568,0.812616,
			         0.005615,0.201605,0.979430,0.005707,0.204443,0.978851,0.015870,0.585192,0.810694,0.015229,0.592486,0.805414,
