; FBX 6.1.0 project file
; Created by Blender FBX Exporter
; for support mail: ideasman42@gmail.com
; ----------------------------------------------------

FBXHeaderExtension:  {
	FBXHeaderVersion: 1003
	FBXVersion: 6100
	CreationTimeStamp:  {
		Version: 1000
		Year: 2017
		Month: 09
		Day: 16
		Hour: 12
		Minute: 49
		Second: 50
		Millisecond: 0
	}
	Creator: "FBX SDK/FBX Plugins build 20070228"
	OtherFlags:  {
		FlagPLE: 0
	}
}
CreationTime: "2017-09-16 12:49:50:000"
Creator: "Blender version 2.78 (sub 0)"

; Object definitions
;------------------------------------------------------------------

Definitions:  {
	Version: 100
	Count: 1406
	ObjectType: "Model" {
		Count: 175
	}
	ObjectType: "Geometry" {
		Count: 10
	}
	ObjectType: "Material" {
		Count: 10
	}
	ObjectType: "Texture" {
		Count: 10
	}
	ObjectType: "Video" {
		Count: 10
	}
	ObjectType: "Deformer" {
		Count: 1210
	}
	ObjectType: "Pose" {
		Count: 1
	}
	ObjectType: "GlobalSettings" {
		Count: 1
	}
}

; Object properties
;------------------------------------------------------------------

Objects:  {
	Model: "Model::Camera Switcher", "CameraSwitcher" {
		Version: 232
		Properties60:  {
			Property: "QuaternionInterpolate", "bool", "",0
			Property: "Visibility", "Visibility", "A+",1
			Property: "Lcl Translation", "Lcl Translation", "A+",0.000000000000000,0.000000000000000,0.000000000000000
			Property: "Lcl Rotation", "Lcl Rotation", "A+",0.000000000000000,0.000000000000000,0.000000000000000
			Property: "Lcl Scaling", "Lcl Scaling", "A+",1.000000000000000,1.000000000000000,1.000000000000000
			Property: "RotationOffset", "Vector3D", "",0,0,0
			Property: "RotationPivot", "Vector3D", "",0,0,0
			Property: "ScalingOffset", "Vector3D", "",0,0,0
			Property: "ScalingPivot", "Vector3D", "",0,0,0
			Property: "TranslationActive", "bool", "",0
			Property: "TranslationMin", "Vector3D", "",0,0,0
			Property: "TranslationMax", "Vector3D", "",0,0,0
			Property: "TranslationMinX", "bool", "",0
			Property: "TranslationMinY", "bool", "",0
			Property: "TranslationMinZ", "bool", "",0
			Property: "TranslationMaxX", "bool", "",0
			Property: "TranslationMaxY", "bool", "",0
			Property: "TranslationMaxZ", "bool", "",0
			Property: "RotationOrder", "enum", "",0
			Property: "RotationSpaceForLimitOnly", "bool", "",0
			Property: "AxisLen", "double", "",10
			Property: "PreRotation", "Vector3D", "",0,0,0
			Property: "PostRotation", "Vector3D", "",0,0,0
			Property: "RotationActive", "bool", "",0
			Property: "RotationMin", "Vector3D", "",0,0,0
			Property: "RotationMax", "Vector3D", "",0,0,0
			Property: "RotationMinX", "bool", "",0
			Property: "RotationMinY", "bool", "",0
			Property: "RotationMinZ", "bool", "",0
			Property: "RotationMaxX", "bool", "",0
			Property: "RotationMaxY", "bool", "",0
			Property: "RotationMaxZ", "bool", "",0
			Property: "RotationStiffnessX", "double", "",0
			Property: "RotationStiffnessY", "double", "",0
			Property: "RotationStiffnessZ", "double", "",0
			Property: "MinDampRangeX", "double", "",0
			Property: "MinDampRangeY", "double", "",0
			Property: "MinDampRangeZ", "double", "",0
			Property: "MaxDampRangeX", "double", "",0
			Property: "MaxDampRangeY", "double", "",0
			Property: "MaxDampRangeZ", "double", "",0
			Property: "MinDampStrengthX", "double", "",0
			Property: "MinDampStrengthY", "double", "",0
			Property: "MinDampStrengthZ", "double", "",0
			Property: "MaxDampStrengthX", "double", "",0
			Property: "MaxDampStrengthY", "double", "",0
			Property: "MaxDampStrengthZ", "double", "",0
			Property: "PreferedAngleX", "double", "",0
			Property: "PreferedAngleY", "double", "",0
			Property: "PreferedAngleZ", "double", "",0
			Property: "InheritType", "enum", "",0
			Property: "ScalingActive", "bool", "",0
			Property: "ScalingMin", "Vector3D", "",1,1,1
			Property: "ScalingMax", "Vector3D", "",1,1,1
			Property: "ScalingMinX", "bool", "",0
			Property: "ScalingMinY", "bool", "",0
			Property: "ScalingMinZ", "bool", "",0
			Property: "ScalingMaxX", "bool", "",0
			Property: "ScalingMaxY", "bool", "",0
			Property: "ScalingMaxZ", "bool", "",0
			Property: "GeometricTranslation", "Vector3D", "",0,0,0
			Property: "GeometricRotation", "Vector3D", "",0,0,0
			Property: "GeometricScaling", "Vector3D", "",1,1,1
			Property: "LookAtProperty", "object", ""
			Property: "UpVectorProperty", "object", ""
			Property: "Show", "bool", "",1
			Property: "NegativePercentShapeSupport", "bool", "",1
			Property: "DefaultAttributeIndex", "int", "",0
			Property: "Color", "Color", "A",0.8,0.8,0.8
			Property: "Camera Index", "Integer", "A+",100
		}
		MultiLayer: 0
		MultiTake: 1
		Hidden: "True"
		Shading: W
		Culling: "CullingOff"
		Version: 101
		Name: "Model::Camera Switcher"
		CameraId: 0
		CameraName: 100
		CameraIndexName:
	}
	Model: "Model::UMA_Male_Rig", "Limb" {
		Version: 232
		Properties60:  {
			Property: "QuaternionInterpolate", "bool", "",0
			Property: "Visibility", "Visibility", "A+",1
			Property: "Lcl Translation", "Lcl Translation", "A+",0.000000000000000,0.000000000000000,0.000000000000000
			Property: "Lcl Rotation", "Lcl Rotation", "A+",-89.999995674159678,179.999991348319355,-0.000000000000000
			Property: "Lcl Scaling", "Lcl Scaling", "A+",1.000000000000000,1.000000000000000,1.000000000000000
			Property: "RotationOffset", "Vector3D", "",0,0,0
			Property: "RotationPivot", "Vector3D", "",0,0,0
			Property: "ScalingOffset", "Vector3D", "",0,0,0
			Property: "ScalingPivot", "Vector3D", "",0,0,0
			Property: "TranslationActive", "bool", "",0
			Property: "TranslationMin", "Vector3D", "",0,0,0
			Property: "TranslationMax", "Vector3D", "",0,0,0
			Property: "TranslationMinX", "bool", "",0
			Property: "TranslationMinY", "bool", "",0
			Property: "TranslationMinZ", "bool", "",0
			Property: "TranslationMaxX", "bool", "",0
			Property: "TranslationMaxY", "bool", "",0
			Property: "TranslationMaxZ", "bool", "",0
			Property: "RotationOrder", "enum", "",0
			Property: "RotationSpaceForLimitOnly", "bool", "",0
			Property: "AxisLen", "double", "",10
			Property: "PreRotation", "Vector3D", "",0,0,0
			Property: "PostRotation", "Vector3D", "",0,0,0
			Property: "RotationActive", "bool", "",0
			Property: "RotationMin", "Vector3D", "",0,0,0
			Property: "RotationMax", "Vector3D", "",0,0,0
			Property: "RotationMinX", "bool", "",0
			Property: "RotationMinY", "bool", "",0
			Property: "RotationMinZ", "bool", "",0
			Property: "RotationMaxX", "bool", "",0
			Property: "RotationMaxY", "bool", "",0
			Property: "RotationMaxZ", "bool", "",0
			Property: "RotationStiffnessX", "double", "",0
			Property: "RotationStiffnessY", "double", "",0
			Property: "RotationStiffnessZ", "double", "",0
			Property: "MinDampRangeX", "double", "",0
			Property: "MinDampRangeY", "double", "",0
			Property: "MinDampRangeZ", "double", "",0
			Property: "MaxDampRangeX", "double", "",0
			Property: "MaxDampRangeY", "double", "",0
			Property: "MaxDampRangeZ", "double", "",0
			Property: "MinDampStrengthX", "double", "",0
			Property: "MinDampStrengthY", "double", "",0
			Property: "MinDampStrengthZ", "double", "",0
			Property: "MaxDampStrengthX", "double", "",0
			Property: "MaxDampStrengthY", "double", "",0
			Property: "MaxDampStrengthZ", "double", "",0
			Property: "PreferedAngleX", "double", "",0
			Property: "PreferedAngleY", "double", "",0
			Property: "PreferedAngleZ", "double", "",0
			Property: "InheritType", "enum", "",0
			Property: "ScalingActive", "bool", "",0
			Property: "ScalingMin", "Vector3D", "",1,1,1
			Property: "ScalingMax", "Vector3D", "",1,1,1
			Property: "ScalingMinX", "bool", "",0
			Property: "ScalingMinY", "bool", "",0
			Property: "ScalingMinZ", "bool", "",0
			Property: "ScalingMaxX", "bool", "",0
			Property: "ScalingMaxY", "bool", "",0
			Property: "ScalingMaxZ", "bool", "",0
			Property: "GeometricTranslation", "Vector3D", "",0,0,0
			Property: "GeometricRotation", "Vector3D", "",0,0,0
			Property: "GeometricScaling", "Vector3D", "",1,1,1
			Property: "LookAtProperty", "object", ""
			Property: "UpVectorProperty", "object", ""
			Property: "Show", "bool", "",1
			Property: "NegativePercentShapeSupport", "bool", "",1
			Property: "DefaultAttributeIndex", "int", "",0
			Property: "Color", "Color", "A",0.8,0.8,0.8
			Property: "Size", "double", "",100
			Property: "Look", "enum", "",1
		}
		MultiLayer: 0
		MultiTake: 1
		Shading: Y
		Culling: "CullingOff"
		TypeFlags: "Skeleton"
	}
	Model: "Model::MaleCapeSimple08", "Mesh" {
		Version: 232
		Properties60:  {
			Property: "QuaternionInterpolate", "bool", "",0
			Property: "Visibility", "Visibility", "A+",1
			Property: "Lcl Translation", "Lcl Translation", "A+",0.000000000000000,0.000000000000000,0.000000000000000
			Property: "Lcl Rotation", "Lcl Rotation", "A+",0.000000000000000,-0.000000000000000,-179.999991348319355
			Property: "Lcl Scaling", "Lcl Scaling", "A+",1.000000000000000,1.000000000000000,1.000000000000000
			Property: "RotationOffset", "Vector3D", "",0,0,0
			Property: "RotationPivot", "Vector3D", "",0,0,0
			Property: "ScalingOffset", "Vector3D", "",0,0,0
			Property: "ScalingPivot", "Vector3D", "",0,0,0
			Property: "TranslationActive", "bool", "",0
			Property: "TranslationMin", "Vector3D", "",0,0,0
			Property: "TranslationMax", "Vector3D", "",0,0,0
			Property: "TranslationMinX", "bool", "",0
			Property: "TranslationMinY", "bool", "",0
			Property: "TranslationMinZ", "bool", "",0
			Property: "TranslationMaxX", "bool", "",0
			Property: "TranslationMaxY", "bool", "",0
			Property: "TranslationMaxZ", "bool", "",0
			Property: "RotationOrder", "enum", "",0
			Property: "RotationSpaceForLimitOnly", "bool", "",0
			Property: "AxisLen", "double", "",10
			Property: "PreRotation", "Vector3D", "",0,0,0
			Property: "PostRotation", "Vector3D", "",0,0,0
			Property: "RotationActive", "bool", "",0
			Property: "RotationMin", "Vector3D", "",0,0,0
			Property: "RotationMax", "Vector3D", "",0,0,0
			Property: "RotationMinX", "bool", "",0
			Property: "RotationMinY", "bool", "",0
			Property: "RotationMinZ", "bool", "",0
			Property: "RotationMaxX", "bool", "",0
			Property: "RotationMaxY", "bool", "",0
			Property: "RotationMaxZ", "bool", "",0
			Property: "RotationStiffnessX", "double", "",0
			Property: "RotationStiffnessY", "double", "",0
			Property: "RotationStiffnessZ", "double", "",0
			Property: "MinDampRangeX", "double", "",0
			Property: "MinDampRangeY", "double", "",0
			Property: "MinDampRangeZ", "double", "",0
			Property: "MaxDampRangeX", "double", "",0
			Property: "MaxDampRangeY", "double", "",0
			Property: "MaxDampRangeZ", "double", "",0
			Property: "MinDampStrengthX", "double", "",0
			Property: "MinDampStrengthY", "double", "",0
			Property: "MinDampStrengthZ", "double", "",0
			Property: "MaxDampStrengthX", "double", "",0
			Property: "MaxDampStrengthY", "double", "",0
			Property: "MaxDampStrengthZ", "double", "",0
			Property: "PreferedAngleX", "double", "",0
			Property: "PreferedAngleY", "double", "",0
			Property: "PreferedAngleZ", "double", "",0
			Property: "InheritType", "enum", "",0
			Property: "ScalingActive", "bool", "",0
			Property: "ScalingMin", "Vector3D", "",1,1,1
			Property: "ScalingMax", "Vector3D", "",1,1,1
			Property: "ScalingMinX", "bool", "",0
			Property: "ScalingMinY", "bool", "",0
			Property: "ScalingMinZ", "bool", "",0
			Property: "ScalingMaxX", "bool", "",0
			Property: "ScalingMaxY", "bool", "",0
			Property: "ScalingMaxZ", "bool", "",0
			Property: "GeometricTranslation", "Vector3D", "",0,0,0
			Property: "GeometricRotation", "Vector3D", "",0,0,0
			Property: "GeometricScaling", "Vector3D", "",1,1,1
			Property: "LookAtProperty", "object", ""
			Property: "UpVectorProperty", "object", ""
			Property: "Show", "bool", "",1
			Property: "NegativePercentShapeSupport", "bool", "",1
			Property: "DefaultAttributeIndex", "int", "",0
			Property: "Color", "Color", "A",0.8,0.8,0.8
			Property: "Size", "double", "",100
			Property: "Look", "enum", "",1
		}
		MultiLayer: 0
		MultiTake: 1
		Shading: Y
		Culling: "CullingOff"
		Vertices: -0.281509,-0.242403,0.636113,0.305862,-0.242403,0.636113,-0.184970,-0.244524,1.645488,0.179079,-0.244524,1.645488,
		          -0.132177,-0.242403,0.757278,-0.092414,-0.244524,1.645488,0.161509,-0.242403,0.757278,0.089666,-0.244524,1.645488,
		          -0.157270,-0.142627,1.732845,0.158590,-0.142627,1.732845,-0.088804,-0.142627,1.732845,0.092532,-0.142627,1.732845,
		          -0.152295,-0.090237,1.743667,0.164293,-0.090237,1.743667,-0.109458,-0.090237,1.743667,0.108001,-0.090237,1.743667,
		          -0.158999,-0.030862,1.700005,0.155708,-0.030862,1.700005,-0.114966,-0.030862,1.700005,0.116154,-0.030862,1.700005,
		          -0.151503,0.038825,1.561654,0.155708,0.038825,1.561654,-0.107469,0.038825,1.561654,0.116154,0.038825,1.561654,
		          0.158151,-0.186060,1.707991,0.088010,-0.186060,1.707991,-0.086422,-0.186060,1.707991,-0.162742,-0.186060,1.707991,
		          -0.209589,-0.244259,1.539145,-0.240661,-0.243994,1.432803,-0.261182,-0.243729,1.326460,-0.268394,-0.243464,1.216546,
		          -0.271673,-0.243199,1.059554,-0.274951,-0.242933,0.883776,-0.278230,-0.242668,0.742456,0.298419,-0.242668,0.742456,
		          0.290975,-0.242933,0.883896,0.283531,-0.243199,1.059826,0.276087,-0.243464,1.216683,0.264715,-0.243729,1.326461,
		          0.240414,-0.243994,1.432803,0.206210,-0.244259,1.539145,-0.131625,-0.242668,0.875106,-0.131072,-0.242933,1.023841,
		          -0.130519,-0.243199,1.169946,-0.129621,-0.243464,1.280700,-0.125364,-0.243729,1.371897,-0.114381,-0.243994,1.463094,
		          -0.101887,-0.244259,1.554291,0.156700,-0.242668,0.875172,0.151891,-0.242933,1.024011,0.147082,-0.243199,1.170121,
		          0.141903,-0.243464,1.280700,0.133244,-0.243729,1.371897,0.118011,-0.243994,1.463094,0.101997,-0.244259,1.554291,
		          -0.001396,-0.244524,1.645488,0.014666,-0.242403,0.757278,0.001928,-0.142627,1.732845,0.000788,-0.186060,1.707991,
		          0.012537,-0.242668,0.875118,0.010409,-0.242933,1.023873,0.008281,-0.243199,1.169979,0.006153,-0.243464,1.280700,
		          0.003937,-0.243729,1.371897,0.001816,-0.243994,1.463094,0.000055,-0.244259,1.554291,-0.273312,-0.243066,0.971665,
		          0.287253,-0.243066,0.971861,-0.130796,-0.243066,1.096894,0.149486,-0.243066,1.097066,0.009345,-0.243066,1.096926,
		          0.233685,-0.242403,0.696695,0.134373,-0.244524,1.645488,0.125561,-0.142627,1.732845,0.135931,0.038825,1.561654,
		          0.136147,-0.090237,1.743667,0.135931,-0.030862,1.700005,0.123080,-0.186060,1.707991,0.227559,-0.242668,0.808814,
		          0.221433,-0.242933,0.953954,0.215306,-0.243199,1.114973,0.208995,-0.243464,1.248692,0.198979,-0.243729,1.349179,
		          0.179213,-0.243994,1.447949,0.154104,-0.244259,1.546718,0.218369,-0.243066,1.034463,-0.276591,-0.242801,0.813116,
		          0.294697,-0.242801,0.813176,-0.131348,-0.242801,0.949474,0.154295,-0.242801,0.949591,0.011473,-0.242801,0.949496,
		          0.224496,-0.242801,0.881384,0.088087,-0.242403,0.757278,0.044135,-0.244524,1.645488,0.047230,-0.142627,1.732845,
		          0.044399,-0.186060,1.707991,0.084619,-0.242668,0.875145,0.081150,-0.242933,1.023942,0.077682,-0.243199,1.170050,
		          0.074028,-0.243464,1.280700,0.068590,-0.243729,1.371897,0.059914,-0.243994,1.463094,0.051026,-0.244259,1.554291,
		          0.079416,-0.243066,1.096996,0.082884,-0.242801,0.949543,-0.046905,-0.244524,1.645488,-0.043438,-0.142627,1.732845,
		          -0.042817,-0.186060,1.707991,-0.059544,-0.242668,0.875112,-0.060331,-0.242933,1.023857,-0.061119,-0.243199,1.169963,
		          -0.061734,-0.243464,1.280700,-0.060714,-0.243729,1.371897,-0.056282,-0.243994,1.463094,-0.050916,-0.244259,1.554291,
		          -0.058756,-0.242403,0.757278,-0.060725,-0.243066,1.096910,-0.059937,-0.242801,0.949485,-0.138692,-0.244524,1.645488,
		          -0.206843,-0.242403,0.696695,-0.123037,-0.142627,1.732845,-0.130876,-0.090237,1.743667,-0.136982,-0.030862,1.700005,
		          -0.129486,0.038825,1.561654,-0.124582,-0.186060,1.707991,-0.204927,-0.242668,0.808781,-0.203012,-0.242933,0.953809,
		          -0.201096,-0.243199,1.114750,-0.199007,-0.243464,1.248623,-0.193273,-0.243729,1.349179,-0.177521,-0.243994,1.447948,
		          -0.155738,-0.244259,1.546718,-0.202054,-0.243066,1.034279,-0.203970,-0.242801,0.881295,-0.279870,-0.242536,0.689285,
		          0.302140,-0.242536,0.689285,-0.131901,-0.242536,0.816192,0.159104,-0.242536,0.816225,0.013602,-0.242536,0.816198,
		          0.230622,-0.242536,0.752755,0.086353,-0.242536,0.816211,-0.059150,-0.242536,0.816195,-0.205885,-0.242536,0.752738,
		          0.192645,-0.244392,1.592317,-0.097150,-0.244392,1.599890,0.095832,-0.244392,1.599890,-0.197279,-0.244392,1.592317,
		          -0.000671,-0.244392,1.599890,0.144238,-0.244392,1.596103,0.047581,-0.244392,1.599890,-0.048911,-0.244392,1.599890,
		          -0.147215,-0.244392,1.596103,-0.225125,-0.244126,1.485974,0.223312,-0.244126,1.485974,-0.108134,-0.244127,1.508693,
		          0.110004,-0.244126,1.508693,0.000935,-0.244126,1.508693,0.166658,-0.244126,1.497333,0.055470,-0.244126,1.508693,
		          -0.053599,-0.244127,1.508693,-0.166629,-0.244127,1.497333,-0.250922,-0.243861,1.379632,0.252565,-0.243861,1.379632,
		          -0.119872,-0.243861,1.417496,0.125628,-0.243861,1.417496,0.002876,-0.243861,1.417496,0.189096,-0.243861,1.398564,
		          0.064252,-0.243861,1.417496,-0.058498,-0.243861,1.417496,-0.185397,-0.243861,1.398564,-0.264788,-0.243596,1.271503,
		          0.270401,-0.243596,1.271572,-0.127493,-0.243596,1.326299,0.137573,-0.243596,1.326299,0.005045,-0.243596,1.326299,
		          0.203987,-0.243596,1.298935,0.071309,-0.243596,1.326299,-0.061224,-0.243596,1.326299,-0.196140,-0.243596,1.298901,
		          -0.270033,-0.243331,1.138050,0.279809,-0.243331,1.138255,-0.130070,-0.243331,1.225323,0.144492,-0.243331,1.225410,
		          0.007217,-0.243331,1.225339,0.212151,-0.243331,1.181833,0.075855,-0.243331,1.225375,-0.061427,-0.243331,1.225331,
		          -0.200052,-0.243331,1.181687,0.088838,-0.215292,1.676740,-0.089418,-0.215292,1.676740,-0.173856,-0.215292,1.676740,
		          0.168615,-0.215292,1.676740,-0.000304,-0.215292,1.676740,0.128727,-0.215292,1.676740,0.044267,-0.215292,1.676740,
		          -0.044861,-0.215292,1.676740,-0.131637,-0.215292,1.676740,0.155708,-0.007633,1.653888,0.155708,0.015596,1.607771,
		          0.116154,0.015596,1.607771,0.116154,-0.007633,1.653888,0.135931,-0.007633,1.653888,0.135931,0.015596,1.607771,
		          -0.112467,-0.007633,1.653888,-0.109968,0.015596,1.607771,-0.154001,0.015596,1.607771,-0.156500,-0.007633,1.653888,
		          -0.134484,-0.007633,1.653888,-0.131985,0.015596,1.607771,0.160000,-0.060550,1.721836,0.112077,-0.060550,1.721836,
		          0.136039,-0.060550,1.721836,-0.112212,-0.060550,1.721836,-0.155647,-0.060550,1.721836,-0.133929,-0.060550,1.721836
		PolygonVertexIndex: 149,144,3,-74,152,145,5,-120,150,146,7,-95,78,24,9,-75,96,25,11,-96,125,26,10,-122,74,9,13,-77,209,205,22,-125,
		                    121,10,14,-123,212,210,17,-78,203,199,21,-76,215,213,18,-124,197,190,26,-126,195,189,25,-97,194,192,24,-79,141,138,49,-98,
		                    105,90,50,-99,104,70,51,-100,186,183,52,-101,177,174,53,-102,168,165,54,-103,159,156,55,-104,143,137,42,-127,134,89,43,-128,
		                    133,69,44,-129,188,182,45,-130,179,173,46,-131,170,164,47,-132,161,155,48,-133,140,136,35,-80,92,88,36,-81,86,68,37,-82,
		                    185,181,38,-83,176,172,39,-84,167,163,40,-85,158,154,41,-86,160,157,66,-116,169,166,65,-115,178,175,64,-114,187,184,63,-113,
		                    117,71,62,-112,118,91,61,-111,142,139,60,-110,196,193,59,-109,108,59,58,-108,151,148,56,-107,110,61,71,-118,80,36,68,-87,
		                    127,43,69,-134,98,50,70,-105,50,80,86,-71,156,158,85,-56,165,167,84,-55,174,176,83,-54,183,185,82,-53,70,86,81,-52,
		                    90,92,80,-51,138,140,79,-50,189,194,78,-26,200,203,75,-24,211,212,77,-20,11,74,76,-16,25,78,74,-12,146,149,73,-8,
		                    49,79,92,-91,109,60,91,-119,79,35,88,-93,126,42,89,-135,97,49,90,-106,60,97,105,-92,61,98,104,-72,157,159,103,-67,
		                    166,168,102,-66,175,177,101,-65,184,186,100,-64,71,104,99,-63,91,105,98,-62,139,141,97,-61,193,195,96,-60,59,96,95,-59,
		                    148,150,94,-57,42,109,118,-90,43,110,117,-70,145,151,106,-6,26,108,107,-11,190,196,108,-27,137,142,109,-43,89,118,110,-44,
		                    69,117,111,-45,182,187,112,-46,173,178,113,-47,164,169,114,-48,155,160,115,-49,34,126,134,-88,33,127,133,-68,153,161,132,-29,
		                    162,170,131,-30,171,179,130,-31,180,188,129,-32,67,133,128,-33,87,134,127,-34,135,143,126,-35,191,197,125,-28,214,215,123,-17,
		                    8,121,122,-13,206,209,124,-21,27,125,121,-9,147,152,119,-3,0,120,143,-136,4,116,142,-138,57,93,141,-140,6,72,140,-139,
		                    116,57,139,-143,72,1,136,-141,120,4,137,-144,93,6,138,-142,28,132,152,-148,48,115,151,-146,66,103,150,-149,55,85,149,-147,
		                    115,66,148,-152,103,55,146,-151,132,48,145,-153,85,41,144,-150,29,131,161,-154,47,114,160,-156,65,102,159,-158,54,84,158,-157,
		                    114,65,157,-161,84,40,154,-159,131,47,155,-162,102,54,156,-160,30,130,170,-163,46,113,169,-165,64,101,168,-167,53,83,167,-166,
		                    113,64,166,-170,83,39,163,-168,130,46,164,-171,101,53,165,-169,31,129,179,-172,45,112,178,-174,63,100,177,-176,52,82,176,-175,
		                    112,63,175,-179,82,38,172,-177,129,45,173,-180,100,52,174,-178,32,128,188,-181,44,111,187,-183,62,99,186,-185,51,81,185,-184,
		                    111,62,184,-188,81,37,181,-186,128,44,182,-189,99,51,183,-187,2,119,197,-192,5,106,196,-191,56,94,195,-194,7,73,194,-190,
		                    106,56,193,-197,73,3,192,-195,94,7,189,-196,119,5,190,-198,19,77,202,-202,201,202,203,-201,77,17,198,-203,202,198,199,-204,
		                    16,123,208,-208,207,208,209,-207,123,18,204,-209,208,204,205,-210,15,76,212,-212,76,13,210,-213,12,122,215,-215,122,14,213,-216
		GeometryVersion: 124
		LayerElementNormal: 0 {
			Version: 101
			Name: ""
			MappingInformationType: "ByPolygonVertex"
			ReferenceInformationType: "Direct"
			Normals: -0.000183,-0.999969,-0.002716,-0.000214,-0.999969,-0.002625,-0.000061,-0.951323,0.308115,-0.000031,-0.930631,0.365917,
			         0.000183,-0.999969,-0.002716,0.000092,-0.999969,-0.002838,0.000000,-0.930631,0.365856,0.000031,-0.930631,0.365947,
			         0.000000,-0.999969,-0.002899,-0.000092,-0.999969,-0.002838,0.000000,-0.930631,0.365856,0.000000,-0.930662,0.365856,
			         0.000000,-0.620380,0.784265,0.000000,-0.628407,0.777856,0.000000,-0.348582,0.937254,0.000000,-0.353862,0.935270,
			         0.000000,-0.620380,0.784265,0.000000,-0.620380,0.784265,0.000000,-0.415265,0.909696,0.000000,-0.496628,0.867946,
			         0.000000,-0.620380,0.784265,0.000000,-0.620380,0.784265,0.000000,-0.419355,0.907804,0.000000,-0.353862,0.935270,
			         0.000000,-0.353862,0.935270,0.000000,-0.348582,0.937254,0.000000,0.212043,0.977233,0.000000,0.213507,0.976928,
			         0.000000,0.893094,0.449843,0.000000,0.893094,0.449843,0.000000,0.893094,0.449843,0.000000,0.893094,0.449843,
			         0.000000,-0.353862,0.935270,0.000000,-0.419355,0.907804,0.000000,0.157140,0.987548,0.000000,0.213507,0.976928,
			         0.000000,0.592395,0.805597,0.000000,0.592425,0.805597,0.000000,0.758232,0.651967,0.000000,0.763756,0.645466,
			         0.000000,0.893094,0.449843,0.000000,0.893094,0.449843,0.000000,0.893094,0.449843,0.000000,0.893094,0.449843,
			         0.000000,0.592395,0.805597,0.000000,0.592395,0.805597,0.000000,0.762505,0.646931,0.000000,0.763756,0.645466,
			         0.000000,-0.730308,0.683096,0.000000,-0.730308,0.683096,0.000000,-0.620380,0.784265,0.000000,-0.620380,0.784265,
			         0.000000,-0.730308,0.683096,0.000000,-0.730308,0.683096,0.000000,-0.620380,0.784265,0.000000,-0.620380,0.784265,
			         0.000000,-0.730308,0.683096,0.000000,-0.730308,0.683096,0.000000,-0.628407,0.777856,0.000000,-0.620380,0.784265,
			         0.000000,-0.999969,-0.002228,-0.001068,-0.999969,-0.002319,-0.000916,-0.999969,-0.001984,0.000000,-0.999969,-0.002014,
			         0.000000,-0.999969,-0.001770,-0.000916,-0.999969,-0.001801,-0.000855,-0.999969,-0.001801,0.000000,-0.999969,-0.001770,
			         0.000000,-0.999969,-0.001801,-0.000763,-0.999969,-0.001770,-0.000793,-0.999969,-0.002106,0.000000,-0.999969,-0.002075,
			         0.000000,-0.999969,-0.002380,-0.000671,-0.999969,-0.002289,-0.000641,-0.999969,-0.002625,0.000000,-0.999969,-0.002625,
			         0.000000,-0.999969,-0.002899,-0.000549,-0.999969,-0.002869,-0.000488,-0.999969,-0.002899,0.000000,-0.999969,-0.002899,
			         0.000000,-0.999969,-0.002899,-0.000427,-0.999969,-0.002899,-0.000336,-0.999969,-0.002899,0.000000,-0.999969,-0.002899,
			         0.000000,-0.999969,-0.002899,-0.000275,-0.999969,-0.002899,-0.000183,-0.999969,-0.002869,0.000000,-0.999969,-0.002899,
			         0.002045,-0.999969,-0.002380,0.001007,-0.999969,-0.002289,0.000885,-0.999969,-0.001984,0.001892,-0.999969,-0.002106,
			         0.001709,-0.999969,-0.001831,0.000855,-0.999969,-0.001801,0.000793,-0.999969,-0.001770,0.001617,-0.999969,-0.001709,
			         0.001465,-0.999969,-0.001648,0.000732,-0.999969,-0.001770,0.000732,-0.999969,-0.002075,0.001373,-0.999969,-0.001801,
			         0.001251,-0.999969,-0.001984,0.000641,-0.999969,-0.002258,0.000610,-0.999969,-0.002594,0.001129,-0.999969,-0.002350,
			         0.001068,-0.999969,-0.002686,0.000549,-0.999969,-0.002838,0.000488,-0.999969,-0.002869,0.000916,-0.999969,-0.002747,
			         0.000793,-0.999969,-0.002808,0.000397,-0.999969,-0.002899,0.000336,-0.999969,-0.002899,0.000671,-0.999969,-0.002808,
			         0.000519,-0.999969,-0.002777,0.000244,-0.999969,-0.002869,0.000183,-0.999969,-0.002869,0.000366,-0.999969,-0.002747,
			         -0.002197,-0.999969,-0.002472,-0.002228,-0.999969,-0.002564,-0.002197,-0.999969,-0.002411,-0.002014,-0.999969,-0.002167,
			         -0.001831,-0.999969,-0.001892,-0.001862,-0.999969,-0.001923,-0.001831,-0.999969,-0.001862,-0.001709,-0.999969,-0.001770,
			         -0.001526,-0.999969,-0.001679,-0.001526,-0.999969,-0.001617,-0.001373,-0.999969,-0.001679,-0.001465,-0.999969,-0.001862,
			         -0.001312,-0.999969,-0.002045,-0.001251,-0.999969,-0.001862,-0.001068,-0.999969,-0.002106,-0.001190,-0.999969,-0.002411,
			         -0.001129,-0.999969,-0.002747,-0.001099,-0.999969,-0.002625,-0.000946,-0.999969,-0.002655,-0.000977,-0.999969,-0.002808,
			         -0.000824,-0.999969,-0.002838,-0.000824,-0.999969,-0.002747,-0.000702,-0.999969,-0.002747,-0.000702,-0.999969,-0.002838,
			         -0.000549,-0.999969,-0.002808,-0.000549,-0.999969,-0.002747,-0.000397,-0.999969,-0.002686,-0.000397,-0.999969,-0.002777,
			         0.000000,-0.999969,-0.002899,0.000000,-0.999969,-0.002899,0.000000,-0.999969,-0.002899,0.000000,-0.999969,-0.002899,
			         0.000000,-0.999969,-0.002899,0.000000,-0.999969,-0.002899,0.000000,-0.999969,-0.002899,0.000000,-0.999969,-0.002899,
			         0.000000,-0.999969,-0.002899,0.000000,-0.999969,-0.002899,0.000000,-0.999969,-0.002899,0.000000,-0.999969,-0.002899,
			         0.000000,-0.999969,-0.002380,0.000000,-0.999969,-0.002380,0.000000,-0.999969,-0.002625,0.000000,-0.999969,-0.002625,
			         0.000000,-0.999969,-0.001801,0.000000,-0.999969,-0.001801,0.000000,-0.999969,-0.002075,0.000000,-0.999969,-0.002075,
			         0.000000,-0.999969,-0.001770,0.000000,-0.999969,-0.001770,0.000000,-0.999969,-0.001770,0.000000,-0.999969,-0.001770,
			         0.000000,-0.999969,-0.002228,0.000000,-0.999969,-0.002228,0.000000,-0.999969,-0.002014,0.000000,-0.999969,-0.002014,
			         0.000000,-0.730308,0.683096,0.000000,-0.730308,0.683096,0.000000,-0.620380,0.784265,0.000000,-0.620380,0.784265,
			         0.000000,-0.620380,0.784265,0.000000,-0.620380,0.784265,0.000000,-0.496628,0.867946,0.000000,-0.496628,0.867946,
			         0.000000,-0.999969,-0.002899,0.000000,-0.999969,-0.002899,0.000000,-0.930662,0.365856,0.000000,-0.930662,0.365856,
			         0.000000,-0.999969,-0.001770,0.000000,-0.999969,-0.001770,0.000000,-0.999969,-0.001801,0.000000,-0.999969,-0.001801,
			         -0.001709,-0.999969,-0.001770,-0.001831,-0.999969,-0.001862,-0.001526,-0.999969,-0.001617,-0.001526,-0.999969,-0.001679,
			         0.001617,-0.999969,-0.001709,0.000793,-0.999969,-0.001770,0.000732,-0.999969,-0.001770,0.001465,-0.999969,-0.001648,
			         0.000000,-0.999969,-0.001770,-0.000855,-0.999969,-0.001801,-0.000763,-0.999969,-0.001770,0.000000,-0.999969,-0.001801,
			         -0.000855,-0.999969,-0.001801,-0.001709,-0.999969,-0.001770,-0.001526,-0.999969,-0.001679,-0.000763,-0.999969,-0.001770,
			         -0.000275,-0.999969,-0.002899,-0.000549,-0.999969,-0.002808,-0.000397,-0.999969,-0.002777,-0.000183,-0.999969,-0.002869,
			         -0.000427,-0.999969,-0.002899,-0.000824,-0.999969,-0.002838,-0.000702,-0.999969,-0.002838,-0.000336,-0.999969,-0.002899,
			         -0.000549,-0.999969,-0.002869,-0.001129,-0.999969,-0.002747,-0.000977,-0.999969,-0.002808,-0.000488,-0.999969,-0.002899,
			         -0.000671,-0.999969,-0.002289,-0.001312,-0.999969,-0.002045,-0.001190,-0.999969,-0.002411,-0.000641,-0.999969,-0.002625,
			         -0.000763,-0.999969,-0.001770,-0.001526,-0.999969,-0.001679,-0.001465,-0.999969,-0.001862,-0.000793,-0.999969,-0.002106,
			         -0.000916,-0.999969,-0.001801,-0.001831,-0.999969,-0.001892,-0.001709,-0.999969,-0.001770,-0.000855,-0.999969,-0.001801,
			         -0.001068,-0.999969,-0.002319,-0.002197,-0.999969,-0.002472,-0.002014,-0.999969,-0.002167,-0.000916,-0.999969,-0.001984,
			         0.000000,-0.730308,0.683096,0.000000,-0.730308,0.683096,0.000000,-0.620380,0.784265,0.000000,-0.620380,0.784265,
			         0.000000,0.893094,0.449843,0.000000,0.893094,0.449843,0.000000,0.893094,0.449843,0.000000,0.893094,0.449843,
			         0.000000,0.592395,0.805597,0.000000,0.592395,0.805597,0.000000,0.763756,0.645466,0.000000,0.758476,0.651662,
			         0.000000,-0.415265,0.909696,0.000000,-0.353862,0.935270,0.000000,0.213507,0.976928,0.000000,0.161840,0.986785,
			         0.000000,-0.620380,0.784265,0.000000,-0.620380,0.784265,0.000000,-0.353862,0.935270,0.000000,-0.415265,0.909696,
			         -0.000092,-0.999969,-0.002838,-0.000183,-0.999969,-0.002716,-0.000031,-0.930631,0.365917,0.000000,-0.930631,0.365856,
			         -0.000916,-0.999969,-0.001984,-0.002014,-0.999969,-0.002167,-0.001831,-0.999969,-0.001892,-0.000916,-0.999969,-0.001801,
			         0.000000,-0.999969,-0.002014,0.000000,-0.999969,-0.002014,0.000000,-0.999969,-0.001770,0.000000,-0.999969,-0.001770,
			         -0.002014,-0.999969,-0.002167,-0.002197,-0.999969,-0.002411,-0.001862,-0.999969,-0.001923,-0.001831,-0.999969,-0.001892,
			         0.001892,-0.999969,-0.002106,0.000885,-0.999969,-0.001984,0.000855,-0.999969,-0.001801,0.001709,-0.999969,-0.001831,
			         0.000000,-0.999969,-0.002014,-0.000916,-0.999969,-0.001984,-0.000916,-0.999969,-0.001801,0.000000,-0.999969,-0.001770,
			         0.000000,-0.999969,-0.002014,0.000000,-0.999969,-0.002014,0.000000,-0.999969,-0.001770,0.000000,-0.999969,-0.001770,
			         0.000000,-0.999969,-0.001770,0.000000,-0.999969,-0.001770,0.000000,-0.999969,-0.001801,0.000000,-0.999969,-0.001801,
			         0.000000,-0.999969,-0.002899,0.000000,-0.999969,-0.002899,0.000000,-0.999969,-0.002899,0.000000,-0.999969,-0.002899,
			         0.000000,-0.999969,-0.002899,0.000000,-0.999969,-0.002899,0.000000,-0.999969,-0.002899,0.000000,-0.999969,-0.002899,
			         0.000000,-0.999969,-0.002899,0.000000,-0.999969,-0.002899,0.000000,-0.999969,-0.002899,0.000000,-0.999969,-0.002899,
			         0.000000,-0.999969,-0.002380,0.000000,-0.999969,-0.002380,0.000000,-0.999969,-0.002625,0.000000,-0.999969,-0.002625,
			         0.000000,-0.999969,-0.001801,0.000000,-0.999969,-0.001801,0.000000,-0.999969,-0.002075,0.000000,-0.999969,-0.002075,
			         0.000000,-0.999969,-0.001770,0.000000,-0.999969,-0.001770,0.000000,-0.999969,-0.001770,0.000000,-0.999969,-0.001770,
			         0.000000,-0.999969,-0.002228,0.000000,-0.999969,-0.002228,0.000000,-0.999969,-0.002014,0.000000,-0.999969,-0.002014,
			         0.000000,-0.730308,0.683096,0.000000,-0.730308,0.683096,0.000000,-0.620380,0.784265,0.000000,-0.620380,0.784265,
			         0.000000,-0.620380,0.784265,0.000000,-0.620380,0.784265,0.000000,-0.496628,0.867946,0.000000,-0.496628,0.867946,
			         0.000000,-0.999969,-0.002899,0.000000,-0.999969,-0.002899,0.000000,-0.930662,0.365856,0.000000,-0.930662,0.365856,
			         0.000885,-0.999969,-0.001984,0.000000,-0.999969,-0.002014,0.000000,-0.999969,-0.001770,0.000855,-0.999969,-0.001801,
			         0.000793,-0.999969,-0.001770,0.000000,-0.999969,-0.001770,0.000000,-0.999969,-0.001801,0.000732,-0.999969,-0.001770,
			         0.000092,-0.999969,-0.002838,0.000000,-0.999969,-0.002899,0.000000,-0.930662,0.365856,0.000000,-0.930631,0.365856,
			         0.000000,-0.620380,0.784265,0.000000,-0.620380,0.784265,0.000000,-0.496628,0.867946,0.000000,-0.419355,0.907804,
			         0.000000,-0.730308,0.683096,0.000000,-0.730308,0.683096,0.000000,-0.620380,0.784265,0.000000,-0.620380,0.784265,
			         0.001007,-0.999969,-0.002289,0.000000,-0.999969,-0.002228,0.000000,-0.999969,-0.002014,0.000885,-0.999969,-0.001984,
			         0.000855,-0.999969,-0.001801,0.000000,-0.999969,-0.001770,0.000000,-0.999969,-0.001770,0.000793,-0.999969,-0.001770,
			         0.000732,-0.999969,-0.001770,0.000000,-0.999969,-0.001801,0.000000,-0.999969,-0.002075,0.000732,-0.999969,-0.002075,
			         0.000641,-0.999969,-0.002258,0.000000,-0.999969,-0.002380,0.000000,-0.999969,-0.002625,0.000610,-0.999969,-0.002594,
			         0.000549,-0.999969,-0.002838,0.000000,-0.999969,-0.002899,0.000000,-0.999969,-0.002899,0.000488,-0.999969,-0.002869,
			         0.000397,-0.999969,-0.002899,0.000000,-0.999969,-0.002899,0.000000,-0.999969,-0.002899,0.000336,-0.999969,-0.002899,
			         0.000244,-0.999969,-0.002869,0.000000,-0.999969,-0.002899,0.000000,-0.999969,-0.002899,0.000183,-0.999969,-0.002869,
			         0.002045,-0.999969,-0.002319,0.001892,-0.999969,-0.002106,0.001709,-0.999969,-0.001831,0.001740,-0.999969,-0.001862,
			         0.001709,-0.999969,-0.001801,0.001617,-0.999969,-0.001709,0.001465,-0.999969,-0.001648,0.001434,-0.999969,-0.001587,
			         0.000519,-0.999969,-0.002716,0.000519,-0.999969,-0.002777,0.000366,-0.999969,-0.002747,0.000366,-0.999969,-0.002655,
			         0.000793,-0.999969,-0.002716,0.000793,-0.999969,-0.002808,0.000671,-0.999969,-0.002808,0.000671,-0.999969,-0.002716,
			         0.001038,-0.999969,-0.002564,0.001068,-0.999969,-0.002686,0.000916,-0.999969,-0.002747,0.000885,-0.999969,-0.002625,
			         0.001190,-0.999969,-0.001831,0.001251,-0.999969,-0.001984,0.001129,-0.999969,-0.002350,0.001038,-0.999969,-0.002075,
			         0.001434,-0.999969,-0.001587,0.001465,-0.999969,-0.001648,0.001373,-0.999969,-0.001801,0.001312,-0.999969,-0.001648,
			         0.001740,-0.999969,-0.001862,0.001709,-0.999969,-0.001831,0.001617,-0.999969,-0.001709,0.001709,-0.999969,-0.001801,
			         0.002075,-0.999969,-0.002472,0.002045,-0.999969,-0.002380,0.001892,-0.999969,-0.002106,0.002045,-0.999969,-0.002319,
			         0.000000,-0.730308,0.683096,0.000000,-0.730308,0.683096,0.000000,-0.620380,0.784265,0.000000,-0.633351,0.773827,
			         0.000000,0.592395,0.805597,0.000000,0.592395,0.805597,0.000000,0.763756,0.645466,0.000000,0.765923,0.642903,
			         0.000000,-0.363384,0.931608,0.000000,-0.353862,0.935270,0.000000,0.213507,0.976928,0.000000,0.213233,0.976989,
			         0.000000,0.893094,0.449843,0.000000,0.893094,0.449843,0.000000,0.893094,0.449843,0.000000,0.893094,0.449843,
			         0.000000,-0.633351,0.773827,0.000000,-0.620380,0.784265,0.000000,-0.353862,0.935270,0.000000,-0.363384,0.931608,
			         0.000183,-0.999969,-0.002625,0.000183,-0.999969,-0.002716,0.000031,-0.930631,0.365947,0.000061,-0.951231,0.308390,
			         0.002045,-0.999969,-0.002472,0.002014,-0.999969,-0.002411,0.002045,-0.999969,-0.002380,0.002075,-0.999969,-0.002472,
			         0.001129,-0.999969,-0.002289,0.000000,-0.999969,-0.002228,0.000000,-0.999969,-0.002228,0.001007,-0.999969,-0.002289,
			         0.000000,-0.999969,-0.002228,0.000000,-0.999969,-0.002228,0.000000,-0.999969,-0.002228,0.000000,-0.999969,-0.002228,
			         -0.001221,-0.999969,-0.002319,-0.002167,-0.999969,-0.002503,-0.002197,-0.999969,-0.002472,-0.001068,-0.999969,-0.002319,
			         0.000000,-0.999969,-0.002228,0.000000,-0.999969,-0.002228,0.000000,-0.999969,-0.002228,0.000000,-0.999969,-0.002228,
			         -0.002167,-0.999969,-0.002503,-0.002197,-0.999969,-0.002564,-0.002228,-0.999969,-0.002564,-0.002197,-0.999969,-0.002472,
			         0.002014,-0.999969,-0.002411,0.001129,-0.999969,-0.002289,0.001007,-0.999969,-0.002289,0.002045,-0.999969,-0.002380,
			         0.000000,-0.999969,-0.002228,-0.001221,-0.999969,-0.002319,-0.001068,-0.999969,-0.002319,0.000000,-0.999969,-0.002228,
			         0.000366,-0.999969,-0.002655,0.000366,-0.999969,-0.002747,0.000183,-0.999969,-0.002716,0.000183,-0.999969,-0.002625,
			         0.000183,-0.999969,-0.002869,0.000000,-0.999969,-0.002899,0.000000,-0.999969,-0.002899,0.000092,-0.999969,-0.002838,
			         0.000000,-0.999969,-0.002899,0.000000,-0.999969,-0.002899,0.000000,-0.999969,-0.002899,0.000000,-0.999969,-0.002899,
			         -0.000183,-0.999969,-0.002869,-0.000397,-0.999969,-0.002777,-0.000183,-0.999969,-0.002716,-0.000092,-0.999969,-0.002838,
			         0.000000,-0.999969,-0.002899,0.000000,-0.999969,-0.002899,0.000000,-0.999969,-0.002899,0.000000,-0.999969,-0.002899,
			         0.000000,-0.999969,-0.002899,-0.000183,-0.999969,-0.002869,-0.000092,-0.999969,-0.002838,0.000000,-0.999969,-0.002899,
			         0.000366,-0.999969,-0.002747,0.000183,-0.999969,-0.002869,0.000092,-0.999969,-0.002838,0.000183,-0.999969,-0.002716,
			         -0.000397,-0.999969,-0.002777,-0.000397,-0.999969,-0.002686,-0.000214,-0.999969,-0.002625,-0.000183,-0.999969,-0.002716,
			         0.000671,-0.999969,-0.002716,0.000671,-0.999969,-0.002808,0.000519,-0.999969,-0.002777,0.000519,-0.999969,-0.002716,
			         0.000336,-0.999969,-0.002899,0.000000,-0.999969,-0.002899,0.000000,-0.999969,-0.002899,0.000244,-0.999969,-0.002869,
			         0.000000,-0.999969,-0.002899,0.000000,-0.999969,-0.002899,0.000000,-0.999969,-0.002899,0.000000,-0.999969,-0.002899,
			         -0.000336,-0.999969,-0.002899,-0.000702,-0.999969,-0.002838,-0.000549,-0.999969,-0.002808,-0.000275,-0.999969,-0.002899,
			         0.000000,-0.999969,-0.002899,0.000000,-0.999969,-0.002899,0.000000,-0.999969,-0.002899,0.000000,-0.999969,-0.002899,
			         -0.000702,-0.999969,-0.002838,-0.000702,-0.999969,-0.002747,-0.000549,-0.999969,-0.002747,-0.000549,-0.999969,-0.002808,
			         0.000671,-0.999969,-0.002808,0.000336,-0.999969,-0.002899,0.000244,-0.999969,-0.002869,0.000519,-0.999969,-0.002777,
			         0.000000,-0.999969,-0.002899,-0.000336,-0.999969,-0.002899,-0.000275,-0.999969,-0.002899,0.000000,-0.999969,-0.002899,
			         0.000885,-0.999969,-0.002625,0.000916,-0.999969,-0.002747,0.000793,-0.999969,-0.002808,0.000793,-0.999969,-0.002716,
			         0.000488,-0.999969,-0.002869,0.000000,-0.999969,-0.002899,0.000000,-0.999969,-0.002899,0.000397,-0.999969,-0.002899,
			         0.000000,-0.999969,-0.002899,0.000000,-0.999969,-0.002899,0.000000,-0.999969,-0.002899,0.000000,-0.999969,-0.002899,
			         -0.000488,-0.999969,-0.002899,-0.000977,-0.999969,-0.002808,-0.000824,-0.999969,-0.002838,-0.000427,-0.999969,-0.002899,
			         0.000000,-0.999969,-0.002899,0.000000,-0.999969,-0.002899,0.000000,-0.999969,-0.002899,0.000000,-0.999969,-0.002899,
			         -0.000977,-0.999969,-0.002808,-0.000946,-0.999969,-0.002655,-0.000824,-0.999969,-0.002747,-0.000824,-0.999969,-0.002838,
